-1.59743154,1.59743154,-0.61473703,0.708486,0.705724,-0.001381
-0.91869426,0.91869402,-3.82477880,0.708486,0.705724,-0.001381
0.09312218,-0.09312230,-1.33135283,0.708486,0.705724,-0.001381
-1.71190882,1.71190882,0.87093759,0.708486,0.705724,-0.001381
-3.05517673,3.05517673,-1.22315979,0.708486,0.705724,-0.001381
-0.81828117,0.81828070,-3.97971630,0.708486,0.705724,-0.001381
-0.78319877,0.78319865,-3.05975461,0.708486,0.705724,-0.001381
-0.88559616,0.88559592,-1.50970197,0.708486,0.705724,-0.001381
0.84140372,-0.84140420,-1.59673893,0.708486,0.705724,-0.001381
-1.50065970,1.50065947,-3.45450258,0.708486,0.705724,-0.001381
0.26231000,-0.26231030,-1.17221189,0.708486,0.705724,-0.001381
-1.78904700,1.78904736,1.91122258,0.708486,0.705724,-0.001381
-0.99781591,0.99781555,-4.34461927,0.708486,0.705724,-0.001381
-0.75065708,0.75065684,-4.45269680,0.708486,0.705724,-0.001381
-3.52276683,3.52276683,-1.10821676,0.708486,0.705724,-0.001381
-0.83688813,0.83688825,-0.42255032,0.708486,0.705724,-0.001381
-3.19651747,3.19651747,1.46754885,0.708486,0.705724,-0.001381
2.30453897,-2.30453944,-3.70176196,0.708486,0.705724,-0.001381
-1.91815531,1.91815484,-4.78100729,0.708486,0.705724,-0.001381
-1.63682556,1.63682556,-1.04319668,0.708486,0.705724,-0.001381
-0.92102695,0.92102647,-3.24479032,0.708486,0.705724,-0.001381
-2.56470394,2.56470323,-4.77217007,0.708486,0.705724,-0.001381
-2.04509664,2.04509616,-1.33047509,0.708486,0.705724,-0.001381
-1.90371180,1.90371203,1.66692066,0.708486,0.705724,-0.001381
-1.27181578,1.27181530,-4.38240623,0.708486,0.705724,-0.001381
-0.92481148,0.92481124,-1.41646028,0.708486,0.705724,-0.001381
-0.93902093,0.93902057,-4.97259998,0.708486,0.705724,-0.001381
-1.98644984,1.98644960,-1.00907826,0.708486,0.705724,-0.001381
1.36141419,-1.36141419,-2.62453485,0.708486,0.705724,-0.001381
3.18109536,-3.18109536,-4.85864162,0.708486,0.705724,-0.001381
-1.62587667,1.62587667,-0.28484869,0.708486,0.705724,-0.001381
-1.42825806,1.42825758,-4.57547569,0.708486,0.705724,-0.001381
2.28302884,-2.28302932,-4.29973173,0.708486,0.705724,-0.001381
-1.60799944,1.60799944,-0.74820065,0.708486,0.705724,-0.001381
-1.52263093,1.52263117,1.08721185,0.708486,0.705724,-0.001381
-1.15477037,1.15477037,0.82783371,0.708486,0.705724,-0.001381
-0.02529625,0.02529617,-0.84264535,0.708486,0.705724,-0.001381
-1.82015097,1.82015097,1.07477283,0.708486,0.705724,-0.001381
-2.78566170,2.78566146,-2.77197933,0.708486,0.705724,-0.001381
-0.22528166,0.22528130,-3.49679804,0.708486,0.705724,-0.001381
-3.13435078,3.13435078,0.11249256,0.708486,0.705724,-0.001381
-2.68639588,2.68639588,-1.64260483,0.708486,0.705724,-0.001381
-3.43923926,3.43923974,3.31374693,0.708486,0.705724,-0.001381
-0.54066586,0.54066586,0.44769165,0.708486,0.705724,-0.001381
-2.94334745,2.94334698,-3.58544588,0.708486,0.705724,-0.001381
-3.09209085,3.09209108,2.72680759,0.708486,0.705724,-0.001381
1.40278554,-1.40278554,-2.64959526,0.708486,0.705724,-0.001381
-3.38930058,3.38930011,-4.47298479,0.708486,0.705724,-0.001381
2.18205953,-2.18206000,-4.20188904,0.708486,0.705724,-0.001381
-2.83741617,2.83741641,1.57615328,0.708486,0.705724,-0.001381
-3.39024472,3.39024472,1.01233459,0.708486,0.705724,-0.001381
-0.22776601,0.22776559,-4.18151665,0.708486,0.705724,-0.001381
-1.96384275,1.96384263,-3.02380753,0.708486,0.705724,-0.001381
3.19807887,-3.19807935,-4.63862944,0.708486,0.705724,-0.001381
-3.06194401,3.06194377,0.32677794,0.708486,0.705724,-0.001381
2.39156032,-2.39156079,-3.97450352,0.708486,0.705724,-0.001381
-0.24277237,0.24277231,-0.29649752,0.708486,0.705724,-0.001381
0.45196691,-0.45196733,-2.79606104,0.708486,0.705724,-0.001381
0.82374018,-0.82374030,-2.05983019,0.708486,0.705724,-0.001381
-2.47496986,2.47496963,-1.07572222,0.708486,0.705724,-0.001381
-1.58106267,1.58106279,1.78034699,0.708486,0.705724,-0.001381
-3.42553544,3.42553544,-0.02480364,0.708486,0.705724,-0.001381
-0.34527698,0.34527668,-2.88825107,0.708486,0.705724,-0.001381
-2.51102376,2.51102376,-3.08306503,0.708486,0.705724,-0.001381
-0.55799782,0.55799782,-1.77642846,0.708486,0.705724,-0.001381
2.66059947,-2.66059995,-4.13361073,0.708486,0.705724,-0.001381
-2.14225864,2.14225888,1.76579571,0.708486,0.705724,-0.001381
3.00295329,-3.00295377,-4.59177780,0.708486,0.705724,-0.001381
-1.62186873,1.62186861,-1.39555073,0.708486,0.705724,-0.001381
-1.59422696,1.59422672,-2.77455473,0.708486,0.705724,-0.001381
-2.68036294,2.68036294,-1.72271109,0.708486,0.705724,-0.001381
-3.46928144,3.46928096,-4.72786427,0.708486,0.705724,-0.001381
1.05953848,-1.05953872,-4.92822647,0.708486,0.705724,-0.001381
-3.01309752,3.01309776,2.54231644,0.708486,0.705724,-0.001381
1.18976128,-1.18976152,-4.30839777,0.708486,0.705724,-0.001381
-0.81489015,0.81489038,0.71157390,0.708486,0.705724,-0.001381
-3.22463012,3.22462988,0.62465906,0.708486,0.705724,-0.001381
0.50573653,-0.50573665,-2.03530502,0.708486,0.705724,-0.001381
-3.36214304,3.36214304,-2.45713711,0.708486,0.705724,-0.001381
-3.21385932,3.21385860,-4.85588408,0.708486,0.705724,-0.001381
-1.34545004,1.34545004,-1.12196040,0.708486,0.705724,-0.001381
-2.08088470,2.08088422,-3.19218063,0.708486,0.705724,-0.001381
-0.92388290,0.92388278,-2.00036097,0.708486,0.705724,-0.001381
1.48556769,-1.48556793,-4.43442345,0.708486,0.705724,-0.001381
-1.52285302,1.52285278,0.85972035,0.708486,0.705724,-0.001381
-1.51408637,1.51408589,-4.57650518,0.708486,0.705724,-0.001381
-1.49847567,1.49847567,0.11473465,0.708486,0.705724,-0.001381
-3.08176732,3.08176732,-1.40128326,0.708486,0.705724,-0.001381
-1.97225320,1.97225296,-1.23420429,0.708486,0.705724,-0.001381
-1.88264632,1.88264620,-2.37970495,0.708486,0.705724,-0.001381
-2.02366710,2.02366662,-3.81258583,0.708486,0.705724,-0.001381
0.30765212,-0.30765235,-3.21687937,0.708486,0.705724,-0.001381
-2.03635359,2.03635359,1.67007959,0.708486,0.705724,-0.001381
1.49647391,-1.49647462,-4.91261721,0.708486,0.705724,-0.001381
1.50866282,-1.50866354,-3.74853659,0.708486,0.705724,-0.001381
1.05659556,-1.05659556,-1.82592702,0.708486,0.705724,-0.001381
-2.50379539,2.50379539,-0.96498585,0.708486,0.705724,-0.001381
-3.36822510,3.36822557,2.90504980,0.708486,0.705724,-0.001381
-1.53010952,1.53010905,-4.67570972,0.708486,0.705724,-0.001381
-2.09914160,2.09914136,-3.57038045,0.708486,0.705724,-0.001381
-2.61604977,2.61604929,-4.11567688,0.708486,0.705724,-0.001381
-2.16396546,2.16396523,-3.29558158,0.708486,0.705724,-0.001381
-3.20421886,3.20421886,-1.71971083,0.708486,0.705724,-0.001381
-3.14279938,3.14279985,2.44428396,0.708486,0.705724,-0.001381
-1.79688430,1.79688406,-2.16355991,0.708486,0.705724,-0.001381
-1.58414578,1.58414578,0.02887487,0.708486,0.705724,-0.001381
-1.84164488,1.84164441,-4.08904600,0.708486,0.705724,-0.001381
-2.69969964,2.69969940,0.80455685,0.708486,0.705724,-0.001381
-1.63032067,1.63032043,-3.74312901,0.708486,0.705724,-0.001381
-0.82117361,0.82117325,-2.64166117,0.708486,0.705724,-0.001381
-3.07198620,3.07198620,0.17703104,0.708486,0.705724,-0.001381
-3.10666728,3.10666728,0.33208656,0.708486,0.705724,-0.001381
0.28523523,-0.28523558,-4.06866074,0.708486,0.705724,-0.001381
1.11448014,-1.11448038,-3.28899574,0.708486,0.705724,-0.001381
-1.63414907,1.63414884,-1.53307915,0.708486,0.705724,-0.001381
-0.39712006,0.39711994,-0.41051227,0.708486,0.705724,-0.001381
0.80230975,-0.80230975,-1.71773314,0.708486,0.705724,-0.001381
-2.24184489,2.24184418,-4.68208027,0.708486,0.705724,-0.001381
-1.17622244,1.17622221,-1.47897506,0.708486,0.705724,-0.001381
-0.79153836,0.79153836,-1.25228000,0.708486,0.705724,-0.001381
-0.31134772,0.31134725,-4.71340847,0.708486,0.705724,-0.001381
-3.06816769,3.06816745,-1.26649618,0.708486,0.705724,-0.001381
-2.13442326,2.13442326,2.98880911,0.708486,0.705724,-0.001381
-0.41780034,0.41780004,-2.60542774,0.708486,0.705724,-0.001381
-0.78799546,0.78799546,-1.27910376,0.708486,0.705724,-0.001381
-3.46693897,3.46693897,-2.31480312,0.708486,0.705724,-0.001381
-0.23762584,0.23762584,0.21054193,0.708486,0.705724,-0.001381
-0.69830132,0.69830132,0.95324194,0.708486,0.705724,-0.001381
1.74961150,-1.74961174,-4.68432665,0.708486,0.705724,-0.001381
-1.26090467,1.26090443,-0.20600939,0.708486,0.705724,-0.001381
0.08544192,-0.08544245,-3.09822392,0.708486,0.705724,-0.001381
-1.93666339,1.93666351,1.35674453,0.708486,0.705724,-0.001381
-0.58419138,0.58419126,-0.15291989,0.708486,0.705724,-0.001381
-3.27098012,3.27098036,2.18916392,0.708486,0.705724,-0.001381
-0.28470901,0.28470895,-0.49771023,0.708486,0.705724,-0.001381
-1.97501826,1.97501802,-1.80751824,0.708486,0.705724,-0.001381
-2.13845992,2.13845944,-0.59081650,0.708486,0.705724,-0.001381
-2.56621003,2.56621003,-1.13036346,0.708486,0.705724,-0.001381
-3.29921818,3.29921770,-4.94156313,0.708486,0.705724,-0.001381
2.04922128,-2.04922175,-4.61094570,0.708486,0.705724,-0.001381
-1.94182050,1.94182050,0.01267982,0.708486,0.705724,-0.001381
-3.27681088,3.27681041,-3.12457323,0.708486,0.705724,-0.001381
-2.48847532,2.48847508,0.13842797,0.708486,0.705724,-0.001381
-0.19144428,0.19144404,-2.31162071,0.708486,0.705724,-0.001381
-0.63897884,0.63897884,-1.15929198,0.708486,0.705724,-0.001381
-2.13603377,2.13603401,1.45306766,0.708486,0.705724,-0.001381
-0.16256058,0.16256034,-2.34805346,0.708486,0.705724,-0.001381
-2.51267838,2.51267838,-1.64896202,0.708486,0.705724,-0.001381
-1.96774423,1.96774447,2.29282331,0.708486,0.705724,-0.001381
-1.81018758,1.81018734,-2.16997409,0.708486,0.705724,-0.001381
0.76027125,-0.76027137,-2.16814089,0.708486,0.705724,-0.001381
-1.31835520,1.31835520,0.28540897,0.708486,0.705724,-0.001381
-0.94543046,0.94543034,-2.50312781,0.708486,0.705724,-0.001381
0.87151587,-0.87151659,-3.12164831,0.708486,0.705724,-0.001381
0.18244629,-0.18244667,-4.18627071,0.708486,0.705724,-0.001381
-3.43938088,3.43938136,4.48500156,0.708486,0.705724,-0.001381
-0.46599963,0.46599957,0.09756887,0.708486,0.705724,-0.001381
1.13183033,-1.13183105,-3.89407682,0.708486,0.705724,-0.001381
-1.63548911,1.63548911,-0.93800354,0.708486,0.705724,-0.001381
-2.15230846,2.15230870,1.82806826,0.708486,0.705724,-0.001381
-1.69659078,1.69659042,-2.57800746,0.708486,0.705724,-0.001381
-2.08091044,2.08091044,-0.43333077,0.708486,0.705724,-0.001381
-2.95464349,2.95464325,-1.49040461,0.708486,0.705724,-0.001381
1.35459673,-1.35459697,-4.16642952,0.708486,0.705724,-0.001381
-3.07742906,3.07742858,-4.71228123,0.708486,0.705724,-0.001381
-0.36068952,0.36068952,-1.91906977,0.708486,0.705724,-0.001381
-2.25966048,2.25966048,-1.23008013,0.708486,0.705724,-0.001381
-2.53916931,2.53916931,0.63177299,0.708486,0.705724,-0.001381
0.00695023,-0.00695053,-3.14512181,0.708486,0.705724,-0.001381
0.62369162,-0.62369198,-4.14360237,0.708486,0.705724,-0.001381
-0.97310454,0.97310394,-4.28677464,0.708486,0.705724,-0.001381
-2.37401843,2.37401772,-4.28882074,0.708486,0.705724,-0.001381
2.22982812,-2.22982860,-3.90372252,0.708486,0.705724,-0.001381
-2.60953069,2.60953045,0.67313480,0.708486,0.705724,-0.001381
-2.89656520,2.89656520,-2.46539307,0.708486,0.705724,-0.001381
-1.86112809,1.86112761,-3.93948817,0.708486,0.705724,-0.001381
-1.53793979,1.53793979,-1.00400472,0.708486,0.705724,-0.001381
-2.84134746,2.84134722,-2.97314548,0.708486,0.705724,-0.001381
-0.30754420,0.30754378,-4.18219423,0.708486,0.705724,-0.001381
1.63531554,-1.63531578,-4.40625191,0.708486,0.705724,-0.001381
-2.19741035,2.19741058,2.50208473,0.708486,0.705724,-0.001381
-2.58083367,2.58083344,-0.86883092,0.708486,0.705724,-0.001381
1.15435612,-1.15435684,-3.61877990,0.708486,0.705724,-0.001381
-2.73112059,2.73112035,-1.93760586,0.708486,0.705724,-0.001381
-1.47934699,1.47934723,0.91145837,0.708486,0.705724,-0.001381
0.72228694,-0.72228694,-1.03975713,0.708486,0.705724,-0.001381
1.43180811,-1.43180835,-3.34505439,0.708486,0.705724,-0.001381
-0.65118790,0.65118742,-3.46169424,0.708486,0.705724,-0.001381
-3.21942759,3.21942759,-2.14278460,0.708486,0.705724,-0.001381
0.05810383,-0.05810425,-4.53045845,0.708486,0.705724,-0.001381
-2.23148870,2.23148894,2.61545420,0.708486,0.705724,-0.001381
-1.90623641,1.90623641,1.15082431,0.708486,0.705724,-0.001381
-2.79638577,2.79638553,-2.16959095,0.708486,0.705724,-0.001381
-1.90708411,1.90708435,1.81136179,0.708486,0.705724,-0.001381
1.20205605,-1.20205629,-3.51947451,0.708486,0.705724,-0.001381
-2.04244161,2.04244137,-2.78133821,0.708486,0.705724,-0.001381
-0.63921595,0.63921547,-4.44172430,0.708486,0.705724,-0.001381
-0.00334837,0.00334833,-0.45161027,0.708486,0.705724,-0.001381
-1.55128717,1.55128694,-3.27907372,0.708486,0.705724,-0.001381
-1.13392770,1.13392723,-4.68512154,0.708486,0.705724,-0.001381
-2.95588684,2.95588636,-4.81641054,0.708486,0.705724,-0.001381
-2.13567710,2.13567710,0.33442235,0.708486,0.705724,-0.001381
-1.68193507,1.68193507,-0.59019732,0.708486,0.705724,-0.001381
0.09792430,-0.09792464,-3.78830290,0.708486,0.705724,-0.001381
-2.92090392,2.92090416,2.48421144,0.708486,0.705724,-0.001381
-1.55256104,1.55256128,1.19178593,0.708486,0.705724,-0.001381
-3.44867945,3.44867897,-4.10798168,0.708486,0.705724,-0.001381
1.82133460,-1.82133508,-3.68728828,0.708486,0.705724,-0.001381
0.23276131,-0.23276146,-1.99692082,0.708486,0.705724,-0.001381
-2.99805832,2.99805832,-1.07290459,0.708486,0.705724,-0.001381
2.52144837,-2.52144837,-4.19636917,0.708486,0.705724,-0.001381
-1.39667928,1.39667928,-0.69249010,0.708486,0.705724,-0.001381
-3.18546605,3.18546605,-2.22807741,0.708486,0.705724,-0.001381
-1.20168471,1.20168424,-2.81813192,0.708486,0.705724,-0.001381
-1.72644389,1.72644413,2.06475163,0.708486,0.705724,-0.001381
-1.48400676,1.48400629,-4.26518536,0.708486,0.705724,-0.001381
-3.09507775,3.09507823,3.19289637,0.708486,0.705724,-0.001381
-1.57635593,1.57635570,-3.88799691,0.708486,0.705724,-0.001381
-2.92025781,2.92025757,-2.54486752,0.708486,0.705724,-0.001381
-2.91634870,2.91634798,-4.26296520,0.708486,0.705724,-0.001381
-3.40073681,3.40073729,3.31836319,0.708486,0.705724,-0.001381
0.42880857,-0.42880881,-2.82085276,0.708486,0.705724,-0.001381
0.16806492,-0.16806522,-3.50503206,0.708486,0.705724,-0.001381
-1.83083093,1.83083117,1.93105662,0.708486,0.705724,-0.001381
-2.91135597,2.91135621,1.98509550,0.708486,0.705724,-0.001381
-1.16114962,1.16114938,-1.51093650,0.708486,0.705724,-0.001381
-3.11465073,3.11465073,1.04973221,0.708486,0.705724,-0.001381
2.52502227,-2.52502275,-4.59913731,0.708486,0.705724,-0.001381
-3.03182745,3.03182745,0.20985794,0.708486,0.705724,-0.001381
-2.61993027,2.61993074,2.64687204,0.708486,0.705724,-0.001381
-2.00354481,2.00354528,0.50745320,0.708486,0.705724,-0.001381
-1.66083503,1.66083479,-3.48494840,0.708486,0.705724,-0.001381
0.91240758,-0.91240817,-1.92138302,0.708486,0.705724,-0.001381
-1.15906584,1.15906584,0.15345681,0.708486,0.705724,-0.001381
1.06457496,-1.06457496,-2.05299020,0.708486,0.705724,-0.001381
-1.03157830,1.03157830,1.02276754,0.708486,0.705724,-0.001381
-2.88891029,2.88891053,3.48247719,0.708486,0.705724,-0.001381
-0.36577415,0.36577368,-4.17949390,0.708486,0.705724,-0.001381
-2.43613005,2.43613029,3.06279659,0.708486,0.705724,-0.001381
-2.72217631,2.72217631,-2.82508993,0.708486,0.705724,-0.001381
1.85972571,-1.85972571,-2.63025069,0.708486,0.705724,-0.001381
-0.87053418,0.87053370,-3.96824837,0.708486,0.705724,-0.001381
-2.90383577,2.90383530,-3.46561766,0.708486,0.705724,-0.001381
-1.71733308,1.71733284,-2.20238376,0.708486,0.705724,-0.001381
0.45831171,-0.45831212,-2.31045103,0.708486,0.705724,-0.001381
-3.34494615,3.34494615,-0.03504705,0.708486,0.705724,-0.001381
-2.40895224,2.40895200,-3.47063708,0.708486,0.705724,-0.001381
0.72299016,-0.72299039,-4.03904629,0.708486,0.705724,-0.001381
-0.26012918,0.26012877,-3.74025393,0.708486,0.705724,-0.001381
-2.58158755,2.58158731,-3.64843297,0.708486,0.705724,-0.001381
-3.27959871,3.27959919,2.33830595,0.708486,0.705724,-0.001381
-2.06569004,2.06568980,-1.41757393,0.708486,0.705724,-0.001381
-2.22243381,2.22243404,0.69017410,0.708486,0.705724,-0.001381
0.30325350,-0.30325380,-3.33185267,0.708486,0.705724,-0.001381
-1.13582397,1.13582420,0.88982320,0.708486,0.705724,-0.001381
0.02561253,-0.02561265,-1.25654626,0.708486,0.705724,-0.001381
-1.56778431,1.56778443,1.78569818,0.708486,0.705724,-0.001381
0.60315537,-0.60315537,-1.34689045,0.708486,0.705724,-0.001381
-3.38238931,3.38238978,2.37347054,0.708486,0.705724,-0.001381
-3.12653875,3.12653828,-4.26589870,0.708486,0.705724,-0.001381
-2.39733315,2.39733291,-2.50751400,0.708486,0.705724,-0.001381
-1.97077763,1.97077787,1.99234843,0.708486,0.705724,-0.001381
-1.42710567,1.42710543,-2.06257486,0.708486,0.705724,-0.001381
1.23799288,-1.23799312,-3.21866560,0.708486,0.705724,-0.001381
-2.87873125,2.87873054,-3.57770014,0.708486,0.705724,-0.001381
3.14762950,-3.14762950,-4.55602789,0.708486,0.705724,-0.001381
-1.11161268,1.11161268,-0.49262762,0.708486,0.705724,-0.001381
-1.31601083,1.31601059,0.31868649,0.708486,0.705724,-0.001381
-2.99435282,2.99435282,1.08925390,0.708486,0.705724,-0.001381
-3.25211024,3.25211072,4.46939945,0.708486,0.705724,-0.001381
-1.32602501,1.32602477,-2.55760360,0.708486,0.705724,-0.001381
-1.48664165,1.48664141,-3.90870333,0.708486,0.705724,-0.001381
0.37831679,-0.37831697,-2.12109137,0.708486,0.705724,-0.001381
-2.60545444,2.60545492,1.19701290,0.708486,0.705724,-0.001381
-0.21362585,0.21362549,-3.47841120,0.708486,0.705724,-0.001381
-1.61559260,1.61559260,-0.98080587,0.708486,0.705724,-0.001381
-2.86975479,2.86975431,-4.99924231,0.708486,0.705724,-0.001381
-0.05654459,0.05654449,-0.98746061,0.708486,0.705724,-0.001381
0.58607209,-0.58607233,-3.92211890,0.708486,0.705724,-0.001381
-2.40557051,2.40557027,-4.00832319,0.708486,0.705724,-0.001381
0.09894754,-0.09894799,-4.77611160,0.708486,0.705724,-0.001381
0.67924660,-0.67924720,-2.56199169,0.708486,0.705724,-0.001381
-1.10031259,1.10031188,-4.78998852,0.708486,0.705724,-0.001381
-1.76154482,1.76154482,-1.25756407,0.708486,0.705724,-0.001381
-0.32453552,0.32453522,-2.40156674,0.708486,0.705724,-0.001381
1.96784997,-1.96784997,-3.71345377,0.708486,0.705724,-0.001381
-3.39573050,3.39573097,3.90441418,0.708486,0.705724,-0.001381
-2.96321583,2.96321583,1.54016256,0.708486,0.705724,-0.001381
-0.66837198,0.66837209,-0.23690164,0.708486,0.705724,-0.001381
-2.03955436,2.03955436,-0.18217754,0.708486,0.705724,-0.001381
-1.77108407,1.77108407,0.69221568,0.708486,0.705724,-0.001381
-1.28628778,1.28628755,-3.82239175,0.708486,0.705724,-0.001381
-2.36834073,2.36834073,-0.30795813,0.708486,0.705724,-0.001381
-0.58115196,0.58115172,-4.65027142,0.708486,0.705724,-0.001381
-1.24764872,1.24764848,-3.49635530,0.708486,0.705724,-0.001381
-0.00055241,0.00055195,-4.84103346,0.708486,0.705724,-0.001381
-1.20745981,1.20745981,-1.72745013,0.708486,0.705724,-0.001381
-2.41815305,2.41815329,3.39006734,0.708486,0.705724,-0.001381
-1.54074490,1.54074478,-0.69586515,0.708486,0.705724,-0.001381
0.07695767,-0.07695773,-0.79525214,0.708486,0.705724,-0.001381
-1.03943646,1.03943646,-1.33166480,0.708486,0.705724,-0.001381
-2.07400560,2.07400608,0.74104786,0.708486,0.705724,-0.001381
-1.00065196,1.00065172,-1.81449890,0.708486,0.705724,-0.001381
-1.24840605,1.24840581,-0.32590723,0.708486,0.705724,-0.001381
0.13609244,-0.13609289,-4.85906076,0.708486,0.705724,-0.001381
-1.34324980,1.34324980,1.47511017,0.708486,0.705724,-0.001381
-1.77662015,1.77662039,1.86398375,0.708486,0.705724,-0.001381
-0.11118139,0.11118113,-2.62187147,0.708486,0.705724,-0.001381
-1.94291735,1.94291687,-4.72640800,0.708486,0.705724,-0.001381
-1.90761471,1.90761471,-0.34914041,0.708486,0.705724,-0.001381
1.06526828,-1.06526828,-2.45727754,0.708486,0.705724,-0.001381
2.08086276,-2.08086324,-4.01524544,0.708486,0.705724,-0.001381
-0.29756802,0.29756767,-3.48197746,0.708486,0.705724,-0.001381
-0.60200709,0.60200673,-2.31478548,0.708486,0.705724,-0.001381
-1.76080477,1.76080501,1.91091943,0.708486,0.705724,-0.001381
-2.39935851,2.39935875,1.41279423,0.708486,0.705724,-0.001381
-0.17209542,0.17209518,-2.26434660,0.708486,0.705724,-0.001381
-3.44007826,3.44007874,3.25855327,0.708486,0.705724,-0.001381
-1.22470379,1.22470355,-2.68611050,0.708486,0.705724,-0.001381
-2.97316408,2.97316456,2.38662982,0.708486,0.705724,-0.001381
-2.07980132,2.07980156,2.71131945,0.708486,0.705724,-0.001381
-0.20216642,0.20216621,-2.03448486,0.708486,0.705724,-0.001381
-0.14868541,0.14868502,-3.76132631,0.708486,0.705724,-0.001381
-1.62752938,1.62752903,-2.90306354,0.708486,0.705724,-0.001381
-1.74897063,1.74897039,-2.82684135,0.708486,0.705724,-0.001381
0.03572688,-0.03572717,-3.14666939,0.708486,0.705724,-0.001381
-1.06759524,1.06759548,0.30600846,0.708486,0.705724,-0.001381
0.28811777,-0.28811800,-3.15366364,0.708486,0.705724,-0.001381
0.89842135,-0.89842170,-4.90826321,0.708486,0.705724,-0.001381
-1.51229012,1.51229012,-1.47532749,0.708486,0.705724,-0.001381
-3.27203631,3.27203631,1.71116233,0.708486,0.705724,-0.001381
0.14780937,-0.14780964,-3.06472349,0.708486,0.705724,-0.001381
-1.91826487,1.91826463,-3.28946376,0.708486,0.705724,-0.001381
1.08281672,-1.08281696,-4.63798475,0.708486,0.705724,-0.001381
-0.63431489,0.63431466,-1.49971747,0.708486,0.705724,-0.001381
-2.52618527,2.52618527,-1.51780796,0.708486,0.705724,-0.001381
3.20473886,-3.20473933,-4.70122194,0.708486,0.705724,-0.001381
-2.98201013,2.98201013,-1.45654488,0.708486,0.705724,-0.001381
0.04513704,-0.04513729,-2.65316248,0.708486,0.705724,-0.001381
2.19847083,-2.19847131,-4.98852301,0.708486,0.705724,-0.001381
1.46215212,-1.46215236,-4.11076260,0.708486,0.705724,-0.001381
-3.11469054,3.11469078,2.83029366,0.708486,0.705724,-0.001381
-3.28971243,3.28971243,-1.34815788,0.708486,0.705724,-0.001381
-1.79453814,1.79453814,-1.09521604,0.708486,0.705724,-0.001381
-2.51469636,2.51469660,1.64030373,0.708486,0.705724,-0.001381
-2.14361548,2.14361548,-2.77629852,0.708486,0.705724,-0.001381
-3.36888862,3.36888862,0.95473790,0.708486,0.705724,-0.001381
-2.98211670,2.98211718,2.02325773,0.708486,0.705724,-0.001381
-1.93975496,1.93975472,-2.21467638,0.708486,0.705724,-0.001381
-2.01638341,2.01638341,-0.86261368,0.708486,0.705724,-0.001381
-2.83753681,2.83753657,0.30589366,0.708486,0.705724,-0.001381
2.18562865,-2.18562865,-3.26714516,0.708486,0.705724,-0.001381
-0.57774341,0.57774341,-2.23589587,0.708486,0.705724,-0.001381
-1.67334056,1.67334056,-0.16171050,0.708486,0.705724,-0.001381
-1.89111996,1.89111960,-4.01743746,0.708486,0.705724,-0.001381
-3.08307076,3.08307076,0.14659500,0.708486,0.705724,-0.001381
0.18676066,-0.18676066,-0.35445520,0.708486,0.705724,-0.001381
-2.24318624,2.24318647,0.94631433,0.708486,0.705724,-0.001381
-0.58270723,0.58270735,0.13430619,0.708486,0.705724,-0.001381
-3.04898238,3.04898238,1.20242643,0.708486,0.705724,-0.001381
0.84026778,-0.84026849,-4.30506563,0.708486,0.705724,-0.001381
0.81289595,-0.81289655,-2.20528507,0.708486,0.705724,-0.001381
-2.34528041,2.34528041,-0.27733970,0.708486,0.705724,-0.001381
-0.61402363,0.61402327,-3.09722757,0.708486,0.705724,-0.001381
-1.93094432,1.93094409,-2.06147408,0.708486,0.705724,-0.001381
-3.43990588,3.43990541,-3.24404383,0.708486,0.705724,-0.001381
-0.76801062,0.76801038,-3.96408463,0.708486,0.705724,-0.001381
-2.41442394,2.41442442,2.49798679,0.708486,0.705724,-0.001381
-0.55569184,0.55569160,-1.09926486,0.708486,0.705724,-0.001381
-2.66493487,2.66493464,-0.68225431,0.708486,0.705724,-0.001381
-0.52694339,0.52694303,-3.01519346,0.708486,0.705724,-0.001381
-0.23421231,0.23421201,-2.93993711,0.708486,0.705724,-0.001381
-3.30414343,3.30414295,-4.70111561,0.708486,0.705724,-0.001381
-3.12077904,3.12077856,-4.68795300,0.708486,0.705724,-0.001381
-2.72509027,2.72509074,3.21477532,0.708486,0.705724,-0.001381
-3.05702615,3.05702662,2.73817182,0.708486,0.705724,-0.001381
-3.06667948,3.06667948,-0.57764959,0.708486,0.705724,-0.001381
-2.04999208,2.04999185,-4.46716881,0.708486,0.705724,-0.001381
-2.16381335,2.16381335,-1.55596757,0.708486,0.705724,-0.001381
-0.99783474,0.99783462,0.69850814,0.708486,0.705724,-0.001381
-2.61345100,2.61345148,2.15363073,0.708486,0.705724,-0.001381
0.71186596,-0.71186632,-4.83736515,0.708486,0.705724,-0.001381
-3.09465456,3.09465480,3.49022245,0.708486,0.705724,-0.001381
-2.44647360,2.44647408,1.26831532,0.708486,0.705724,-0.001381
0.80028689,-0.80028760,-3.99852705,0.708486,0.705724,-0.001381
1.38216615,-1.38216615,-2.80488586,0.708486,0.705724,-0.001381
-2.93933654,2.93933654,1.54427648,0.708486,0.705724,-0.001381
-2.28658700,2.28658700,-4.21471882,0.708486,0.705724,-0.001381
3.01429820,-3.01429868,-4.91752243,0.708486,0.705724,-0.001381
-3.34882665,3.34882665,-1.57711267,0.708486,0.705724,-0.001381
-0.41656715,0.41656703,-0.56552386,0.708486,0.705724,-0.001381
-2.16711092,2.16711068,-1.21487474,0.708486,0.705724,-0.001381
-0.93010724,0.93010700,-1.45929313,0.708486,0.705724,-0.001381
0.17300338,-0.17300349,-1.43394125,0.708486,0.705724,-0.001381
1.37313712,-1.37313783,-4.85677242,0.708486,0.705724,-0.001381
0.32701665,-0.32701725,-4.40126133,0.708486,0.705724,-0.001381
-0.20412697,0.20412670,-2.39022899,0.708486,0.705724,-0.001381
-2.96639109,2.96639132,2.85999250,0.708486,0.705724,-0.001381
-1.78483629,1.78483605,-2.64846992,0.708486,0.705724,-0.001381
-0.61128110,0.61128074,-2.92213631,0.708486,0.705724,-0.001381
-2.35307145,2.35307169,0.90934300,0.708486,0.705724,-0.001381
1.46814549,-1.46814573,-4.44212723,0.708486,0.705724,-0.001381
-2.90761733,2.90761781,2.69313335,0.708486,0.705724,-0.001381
-2.91974831,2.91974831,-3.11634541,0.708486,0.705724,-0.001381
-0.62124646,0.62124622,-1.12675166,0.708486,0.705724,-0.001381
-0.01786508,0.01786480,-2.88006496,0.708486,0.705724,-0.001381
-0.39182788,0.39182776,-0.40123767,0.708486,0.705724,-0.001381
-1.88393974,1.88393998,1.45884454,0.708486,0.705724,-0.001381
-1.56902695,1.56902671,-2.79295206,0.708486,0.705724,-0.001381
-3.13336325,3.13336372,3.78016472,0.708486,0.705724,-0.001381
-2.66137290,2.66137266,-3.66657758,0.708486,0.705724,-0.001381
-0.90825009,0.90824986,-3.70222712,0.708486,0.705724,-0.001381
-2.96523476,2.96523523,3.89294744,0.708486,0.705724,-0.001381
0.38996568,-0.38996586,-2.40900087,0.708486,0.705724,-0.001381
1.21993470,-1.21993518,-1.75762129,0.708486,0.705724,-0.001381
-0.92958838,0.92958850,0.18106735,0.708486,0.705724,-0.001381
-1.59398139,1.59398139,-0.82974935,0.708486,0.705724,-0.001381
-1.84909761,1.84909737,-2.04842067,0.708486,0.705724,-0.001381
-1.71763933,1.71763933,-0.61460185,0.708486,0.705724,-0.001381
-0.12001916,0.12001876,-4.05335379,0.708486,0.705724,-0.001381
-2.90588546,2.90588522,-2.92504597,0.708486,0.705724,-0.001381
-0.05511739,0.05511735,-0.42058444,0.708486,0.705724,-0.001381
-1.93558645,1.93558609,-4.74371481,0.708486,0.705724,-0.001381
-3.01292205,3.01292229,2.58117962,0.708486,0.705724,-0.001381
-0.54904431,0.54904395,-2.66110516,0.708486,0.705724,-0.001381
-3.04583859,3.04583788,-3.97890568,0.708486,0.705724,-0.001381
-1.27313113,1.27313089,-3.89505434,0.708486,0.705724,-0.001381
-1.93895054,1.93895006,-4.60937500,0.708486,0.705724,-0.001381
-0.21489649,0.21489640,-0.66697788,0.708486,0.705724,-0.001381
-3.18315959,3.18315959,0.92659855,0.708486,0.705724,-0.001381
-0.61004412,0.61004412,-1.71162128,0.708486,0.705724,-0.001381
1.69721723,-1.69721770,-2.68193626,0.708486,0.705724,-0.001381
0.85354912,-0.85354984,-3.67142224,0.708486,0.705724,-0.001381
-2.86248422,2.86248469,3.24644852,0.708486,0.705724,-0.001381
-2.62255740,2.62255740,0.76901078,0.708486,0.705724,-0.001381
-0.38656223,0.38656223,-2.18121481,0.708486,0.705724,-0.001381
-1.87441790,1.87441742,-4.03157711,0.708486,0.705724,-0.001381
0.37329611,-0.37329641,-3.34199667,0.708486,0.705724,-0.001381
-2.55674529,2.55674553,2.08516049,0.708486,0.705724,-0.001381
-2.72435427,2.72435379,-3.89336300,0.708486,0.705724,-0.001381
-2.34165359,2.34165359,-0.12050247,0.708486,0.705724,-0.001381
-2.11693358,2.11693382,2.59040833,0.708486,0.705724,-0.001381
2.77125907,-2.77125955,-4.16457081,0.708486,0.705724,-0.001381
-1.29845655,1.29845607,-4.90920162,0.708486,0.705724,-0.001381
-0.79985255,0.79985243,-2.49828148,0.708486,0.705724,-0.001381
-2.49740958,2.49740958,-1.83452702,0.708486,0.705724,-0.001381
-3.38918877,3.38918853,0.32832813,0.708486,0.705724,-0.001381
0.16982645,-0.16982657,-1.34119642,0.708486,0.705724,-0.001381
-0.85030484,0.85030437,-3.46971846,0.708486,0.705724,-0.001381
-0.31964898,0.31964850,-4.70536566,0.708486,0.705724,-0.001381
-3.51019096,3.51019144,3.03576446,0.708486,0.705724,-0.001381
-3.51931524,3.51931524,1.03645825,0.708486,0.705724,-0.001381
-0.04449393,0.04449390,-0.32826906,0.708486,0.705724,-0.001381
-2.10560465,2.10560441,-2.08610654,0.708486,0.705724,-0.001381
-0.09984213,0.09984201,-1.16261160,0.708486,0.705724,-0.001381
-3.52056289,3.52056336,3.77146816,0.708486,0.705724,-0.001381
0.31350502,-0.31350532,-3.54081106,0.708486,0.705724,-0.001381
-3.22813058,3.22813106,4.19035769,0.708486,0.705724,-0.001381
0.59449154,-0.59449190,-4.02399254,0.708486,0.705724,-0.001381
-1.04278922,1.04278874,-3.01272798,0.708486,0.705724,-0.001381
0.19246632,-0.19246668,-3.97573972,0.708486,0.705724,-0.001381
-1.50197470,1.50197470,-0.99229217,0.708486,0.705724,-0.001381
-0.94533890,0.94533855,-2.75080466,0.708486,0.705724,-0.001381
2.67190766,-2.67190814,-4.12614584,0.708486,0.705724,-0.001381
-2.18876386,2.18876410,0.64092684,0.708486,0.705724,-0.001381
-1.82091081,1.82091081,1.31525660,0.708486,0.705724,-0.001381
-0.83103031,0.83102995,-2.56447005,0.708486,0.705724,-0.001381
-3.16458488,3.16458488,-1.12511969,0.708486,0.705724,-0.001381
1.04225087,-1.04225087,-1.75687575,0.708486,0.705724,-0.001381
-2.60108876,2.60108900,3.43118215,0.708486,0.705724,-0.001381
0.09468285,-0.09468301,-1.92290735,0.708486,0.705724,-0.001381
-1.94591749,1.94591701,-4.34606457,0.708486,0.705724,-0.001381
0.97588217,-0.97588241,-4.00829697,0.708486,0.705724,-0.001381
0.97381133,-0.97381145,-2.49292231,0.708486,0.705724,-0.001381
-2.80862284,2.80862308,2.39412117,0.708486,0.705724,-0.001381
-2.24668908,2.24668884,0.56307936,0.708486,0.705724,-0.001381
-0.80704606,0.80704606,-1.50945330,0.708486,0.705724,-0.001381
-2.21365690,2.21365690,0.85477901,0.708486,0.705724,-0.001381
-1.94769466,1.94769466,0.37362361,0.708486,0.705724,-0.001381
-1.61113858,1.61113811,-4.93060303,0.708486,0.705724,-0.001381
-1.78293407,1.78293359,-4.39945316,0.708486,0.705724,-0.001381
-1.94626784,1.94626760,-1.75895739,0.708486,0.705724,-0.001381
-1.10821652,1.10821629,-2.53237343,0.708486,0.705724,-0.001381
-1.64737964,1.64737940,-2.53274298,0.708486,0.705724,-0.001381
-3.24494720,3.24494696,-1.10527134,0.708486,0.705724,-0.001381
-1.75319350,1.75319326,-2.47120619,0.708486,0.705724,-0.001381
-2.93397093,2.93397093,-1.33273554,0.708486,0.705724,-0.001381
-0.94809604,0.94809580,-3.47296333,0.708486,0.705724,-0.001381
-0.86324841,0.86324805,-4.98567867,0.708486,0.705724,-0.001381
1.20593989,-1.20594013,-3.45905828,0.708486,0.705724,-0.001381
-0.95414406,0.95414394,-0.51936138,0.708486,0.705724,-0.001381
3.33753705,-3.33753753,-4.74974966,0.708486,0.705724,-0.001381
0.31543571,-0.31543607,-4.34219360,0.708486,0.705724,-0.001381
-0.57467282,0.57467258,-2.26697350,0.708486,0.705724,-0.001381
-1.67512572,1.67512596,1.95267367,0.708486,0.705724,-0.001381
-0.68057036,0.68057036,0.53291291,0.708486,0.705724,-0.001381
-3.46740746,3.46740746,0.98641658,0.708486,0.705724,-0.001381
-2.67704248,2.67704225,-0.60392809,0.708486,0.705724,-0.001381
-3.49080276,3.49080229,-3.42350388,0.708486,0.705724,-0.001381
-2.40476727,2.40476704,-2.96859813,0.708486,0.705724,-0.001381
2.29895425,-2.29895425,-1.85329914,0.708486,0.705724,-0.001381
2.98246074,-2.98246074,-0.54662657,0.708486,0.705724,-0.001381
-0.06727335,0.06727374,4.31737947,0.708486,0.705724,-0.001381
-1.66741538,1.66741586,4.98342133,0.708486,0.705724,-0.001381
1.23292077,-1.23292041,3.58480024,0.708486,0.705724,-0.001381
1.78228092,-1.78228068,1.19450808,0.708486,0.705724,-0.001381
-2.66965795,2.66965818,4.70922756,0.708486,0.705724,-0.001381
1.09987533,-1.09987509,2.86265373,0.708486,0.705724,-0.001381
2.59977460,-2.59977436,3.32131696,0.708486,0.705724,-0.001381
2.79107046,-2.79106998,4.63896275,0.708486,0.705724,-0.001381
2.15161514,-2.15161514,-2.11927652,0.708486,0.705724,-0.001381
-3.16952133,3.16952181,4.88623428,0.708486,0.705724,-0.001381
3.34281826,-3.34281802,4.46816826,0.708486,0.705724,-0.001381
-0.48392344,0.48392379,3.22943306,0.708486,0.705724,-0.001381
2.12645960,-2.12645936,1.41271687,0.708486,0.705724,-0.001381
2.06824803,-2.06824780,2.52202749,0.708486,0.705724,-0.001381
2.27973866,-2.27973866,0.29468107,0.708486,0.705724,-0.001381
0.53863823,-0.53863782,4.91249990,0.708486,0.705724,-0.001381
1.72412944,-1.72412944,0.52657890,0.708486,0.705724,-0.001381
2.23072147,-2.23072124,3.83125567,0.708486,0.705724,-0.001381
1.66243291,-1.66243267,2.03425550,0.708486,0.705724,-0.001381
-0.77049059,0.77049100,4.57028580,0.708486,0.705724,-0.001381
-1.54436564,1.54436600,3.66936612,0.708486,0.705724,-0.001381
2.38933802,-2.38933778,2.86357141,0.708486,0.705724,-0.001381
0.13550365,-0.13550341,2.78030419,0.708486,0.705724,-0.001381
-1.72071075,1.72071111,3.29121733,0.708486,0.705724,-0.001381
2.15042615,-2.15042615,0.61381912,0.708486,0.705724,-0.001381
-0.01061225,0.01061249,2.94006157,0.708486,0.705724,-0.001381
0.40471101,-0.40471101,0.12692261,0.708486,0.705724,-0.001381
-0.15505314,0.15505356,4.31853437,0.708486,0.705724,-0.001381
-1.64760530,1.64760566,3.16666079,0.708486,0.705724,-0.001381
2.72140670,-2.72140646,2.85555911,0.708486,0.705724,-0.001381
1.24279988,-1.24279952,3.91468906,0.708486,0.705724,-0.001381
-2.36143088,2.36143112,4.37658882,0.708486,0.705724,-0.001381
3.17876625,-3.17876625,-2.28078747,0.708486,0.705724,-0.001381
-1.42296863,1.42296910,4.56812859,0.708486,0.705724,-0.001381
-0.86797071,0.86797094,1.56227326,0.708486,0.705724,-0.001381
2.07233429,-2.07233429,1.64379263,0.708486,0.705724,-0.001381
0.67419410,-0.67419410,1.21686912,0.708486,0.705724,-0.001381
2.45607281,-2.45607281,-1.64260483,0.708486,0.705724,-0.001381
-2.11384559,2.11384606,3.88057351,0.708486,0.705724,-0.001381
1.53510988,-1.53510940,4.37196159,0.708486,0.705724,-0.001381
0.26540136,-0.26540136,-0.27794075,0.708486,0.705724,-0.001381
2.31023502,-2.31023455,4.08221579,0.708486,0.705724,-0.001381
-1.87677026,1.87677050,2.95563841,0.708486,0.705724,-0.001381
3.26692557,-3.26692557,-0.35160828,0.708486,0.705724,-0.001381
2.65906453,-2.65906453,-1.96468639,0.708486,0.705724,-0.001381
-1.55445898,1.55445921,2.30177736,0.708486,0.705724,-0.001381
-0.17928350,0.17928386,2.88211250,0.708486,0.705724,-0.001381
3.44124198,-3.44124222,-0.34239388,0.708486,0.705724,-0.001381
1.94347572,-1.94347572,1.83205628,0.708486,0.705724,-0.001381
3.45358372,-3.45358372,0.94877148,0.708486,0.705724,-0.001381
1.82484579,-1.82484579,0.78459787,0.708486,0.705724,-0.001381
2.63053679,-2.63053727,-3.59105396,0.708486,0.705724,-0.001381
3.07680702,-3.07680678,2.84240913,0.708486,0.705724,-0.001381
-1.95976281,1.95976329,4.71759415,0.708486,0.705724,-0.001381
2.95300961,-2.95300937,1.53715992,0.708486,0.705724,-0.001381
2.07563972,-2.07563972,1.06279707,0.708486,0.705724,-0.001381
-0.50606108,0.50606143,2.92021322,0.708486,0.705724,-0.001381
-1.18179023,1.18179059,4.64358330,0.708486,0.705724,-0.001381
1.79453659,-1.79453707,-1.84795094,0.708486,0.705724,-0.001381
2.87012267,-2.87012267,0.64043331,0.708486,0.705724,-0.001381
0.98696113,-0.98696113,-0.60899639,0.708486,0.705724,-0.001381
2.86568069,-2.86568069,-1.51738644,0.708486,0.705724,-0.001381
1.63486063,-1.63486040,3.06954598,0.708486,0.705724,-0.001381
2.32249260,-2.32249236,4.12595844,0.708486,0.705724,-0.001381
1.89712191,-1.89712143,4.68725729,0.708486,0.705724,-0.001381
0.46013570,-0.46013522,4.89702320,0.708486,0.705724,-0.001381
2.73084068,-2.73084068,-2.22533035,0.708486,0.705724,-0.001381
2.26131773,-2.26131773,-0.85359573,0.708486,0.705724,-0.001381
1.56821001,-1.56820977,2.37586737,0.708486,0.705724,-0.001381
3.44774890,-3.44774938,-4.03666115,0.708486,0.705724,-0.001381
0.14260125,-0.14260089,3.81273580,0.708486,0.705724,-0.001381
3.42194819,-3.42194867,-3.23769379,0.708486,0.705724,-0.001381
0.86525059,-0.86525035,3.04141331,0.708486,0.705724,-0.001381
-0.04459310,0.04459333,2.79905295,0.708486,0.705724,-0.001381
-1.13078368,1.13078415,4.98782587,0.708486,0.705724,-0.001381
2.03526926,-2.03526926,-0.96971416,0.708486,0.705724,-0.001381
2.37204480,-2.37204432,3.99001169,0.708486,0.705724,-0.001381
0.51091433,-0.51091433,2.05552125,0.708486,0.705724,-0.001381
0.39235830,-0.39235830,1.34857059,0.708486,0.705724,-0.001381
3.16775560,-3.16775608,-2.60824966,0.708486,0.705724,-0.001381
2.14427543,-2.14427543,-0.37297630,0.708486,0.705724,-0.001381
-0.76040721,0.76040745,2.39037752,0.708486,0.705724,-0.001381
3.05263758,-3.05263758,-1.26327419,0.708486,0.705724,-0.001381
2.42754340,-2.42754340,1.45050550,0.708486,0.705724,-0.001381
-1.46845281,1.46845305,2.63574862,0.708486,0.705724,-0.001381
0.35111845,-0.35111821,2.43826842,0.708486,0.705724,-0.001381
-2.13809419,2.13809443,3.70129085,0.708486,0.705724,-0.001381
1.79455924,-1.79455876,4.35454702,0.708486,0.705724,-0.001381
1.86318493,-1.86318493,0.63045549,0.708486,0.705724,-0.001381
0.90643567,-0.90643531,3.84783721,0.708486,0.705724,-0.001381
-0.59928191,0.59928226,2.96347451,0.708486,0.705724,-0.001381
3.34052587,-3.34052587,-3.43768597,0.708486,0.705724,-0.001381
1.41645432,-1.41645432,1.75036454,0.708486,0.705724,-0.001381
2.54579449,-2.54579449,-1.60254097,0.708486,0.705724,-0.001381
0.63780642,-0.63780642,0.51196766,0.708486,0.705724,-0.001381
1.92792368,-1.92792368,-1.51743364,0.708486,0.705724,-0.001381
3.36785126,-3.36785126,-2.76470661,0.708486,0.705724,-0.001381
-0.40166259,0.40166283,2.13102102,0.708486,0.705724,-0.001381
-0.45331663,0.45331699,3.91546512,0.708486,0.705724,-0.001381
-1.56962109,1.56962156,4.35621119,0.708486,0.705724,-0.001381
2.19161677,-2.19161701,-0.27213621,0.708486,0.705724,-0.001381
1.49778354,-1.49778318,4.58429766,0.708486,0.705724,-0.001381
-1.25906765,1.25906789,2.60704803,0.708486,0.705724,-0.001381
0.77067721,-0.77067679,4.63473845,0.708486,0.705724,-0.001381
-0.32881290,0.32881325,3.82526970,0.708486,0.705724,-0.001381
2.66658258,-2.66658235,1.23435354,0.708486,0.705724,-0.001381
2.27180576,-2.27180624,-3.09482384,0.708486,0.705724,-0.001381
2.13227081,-2.13227057,2.96775293,0.708486,0.705724,-0.001381
3.28326583,-3.28326559,0.88880968,0.708486,0.705724,-0.001381
2.61080694,-2.61080694,-2.85440350,0.708486,0.705724,-0.001381
0.56737661,-0.56737638,0.48560715,0.708486,0.705724,-0.001381
2.23709035,-2.23709083,-1.99045372,0.708486,0.705724,-0.001381
1.38736248,-1.38736224,3.62824631,0.708486,0.705724,-0.001381
1.43277013,-1.43276989,2.68648505,0.708486,0.705724,-0.001381
-0.70583200,0.70583224,3.24296999,0.708486,0.705724,-0.001381
1.53831398,-1.53831375,3.27901363,0.708486,0.705724,-0.001381
2.63766193,-2.63766241,-3.28201103,0.708486,0.705724,-0.001381
-2.74246812,2.74246836,4.33804560,0.708486,0.705724,-0.001381
-0.36746797,0.36746839,4.45259094,0.708486,0.705724,-0.001381
-0.66537786,0.66537809,1.76738214,0.708486,0.705724,-0.001381
2.20783305,-2.20783257,3.64288759,0.708486,0.705724,-0.001381
1.40418339,-1.40418339,1.34482598,0.708486,0.705724,-0.001381
3.49173164,-3.49173164,-2.27412128,0.708486,0.705724,-0.001381
2.17393327,-2.17393303,4.33030128,0.708486,0.705724,-0.001381
1.25307131,-1.25307095,3.98328114,0.708486,0.705724,-0.001381
0.04208755,-0.04208714,3.87130547,0.708486,0.705724,-0.001381
0.17930931,-0.17930895,3.68124890,0.708486,0.705724,-0.001381
-1.15815306,1.15815341,3.73803759,0.708486,0.705724,-0.001381
3.42361784,-3.42361784,0.82870102,0.708486,0.705724,-0.001381
-0.79084229,0.79084271,4.36605549,0.708486,0.705724,-0.001381
0.16690111,-0.16690087,0.64938021,0.708486,0.705724,-0.001381
2.24547458,-2.24547434,1.81867552,0.708486,0.705724,-0.001381
2.52935839,-2.52935815,1.75575399,0.708486,0.705724,-0.001381
0.18189430,-0.18189430,0.40740395,0.708486,0.705724,-0.001381
1.19749212,-1.19749212,-0.09176922,0.708486,0.705724,-0.001381
-0.81557536,0.81557536,1.45545149,0.708486,0.705724,-0.001381
0.52811694,-0.52811670,0.93227005,0.708486,0.705724,-0.001381
2.93597937,-2.93597889,3.06609964,0.708486,0.705724,-0.001381
2.59551692,-2.59551692,0.20322895,0.708486,0.705724,-0.001381
0.23804688,-0.23804688,0.81157494,0.708486,0.705724,-0.001381
0.82345593,-0.82345557,3.21212292,0.708486,0.705724,-0.001381
3.51309109,-3.51309156,-2.49423790,0.708486,0.705724,-0.001381
1.48136854,-1.48136806,3.66056991,0.708486,0.705724,-0.001381
1.71002829,-1.71002793,4.23084211,0.708486,0.705724,-0.001381
3.18901539,-3.18901515,0.45226669,0.708486,0.705724,-0.001381
2.10263348,-2.10263300,3.16661215,0.708486,0.705724,-0.001381
-1.84102619,1.84102654,3.68013811,0.708486,0.705724,-0.001381
2.76470709,-2.76470685,3.55998039,0.708486,0.705724,-0.001381
1.38611543,-1.38611507,3.16363859,0.708486,0.705724,-0.001381
-0.74207199,0.74207222,2.60539412,0.708486,0.705724,-0.001381
-1.84372807,1.84372842,2.80680776,0.708486,0.705724,-0.001381
1.63559413,-1.63559413,-1.10037088,0.708486,0.705724,-0.001381
1.15606201,-1.15606165,3.52268124,0.708486,0.705724,-0.001381
2.70958710,-2.70958757,-3.81289196,0.708486,0.705724,-0.001381
3.42152476,-3.42152524,-4.25207043,0.708486,0.705724,-0.001381
2.73568296,-2.73568296,-2.25802183,0.708486,0.705724,-0.001381
-0.93109781,0.93109822,4.22298861,0.708486,0.705724,-0.001381
-2.66791415,2.66791439,3.81295133,0.708486,0.705724,-0.001381
-0.82740855,0.82740879,1.40460825,0.708486,0.705724,-0.001381
2.54536247,-2.54536247,-3.49439716,0.708486,0.705724,-0.001381
1.37504888,-1.37504864,1.24929380,0.708486,0.705724,-0.001381
3.46449089,-3.46449137,-2.37512827,0.708486,0.705724,-0.001381
-0.96685511,0.96685553,4.19017029,0.708486,0.705724,-0.001381
2.56757355,-2.56757402,-2.83847761,0.708486,0.705724,-0.001381
0.79709888,-0.79709864,1.98747277,0.708486,0.705724,-0.001381
1.78141642,-1.78141689,-0.86136103,0.708486,0.705724,-0.001381
2.88533473,-2.88533473,-2.53775358,0.708486,0.705724,-0.001381
3.14004135,-3.14004135,-2.20679331,0.708486,0.705724,-0.001381
3.40663338,-3.40663338,-1.43189907,0.708486,0.705724,-0.001381
1.55682135,-1.55682111,1.19508529,0.708486,0.705724,-0.001381
-1.39233506,1.39233530,2.36148953,0.708486,0.705724,-0.001381
2.36290598,-2.36290574,2.97865438,0.708486,0.705724,-0.001381
-0.93535960,0.93536001,4.58328485,0.708486,0.705724,-0.001381
2.98712921,-2.98712921,2.77941847,0.708486,0.705724,-0.001381
-1.92163777,1.92163813,4.51329803,0.708486,0.705724,-0.001381
3.00933838,-3.00933838,0.81198263,0.708486,0.705724,-0.001381
-0.16764832,0.16764832,2.13229799,0.708486,0.705724,-0.001381
1.53534245,-1.53534210,4.93088055,0.708486,0.705724,-0.001381
-1.19040704,1.19040740,4.18539762,0.708486,0.705724,-0.001381
-0.48940015,0.48940039,2.98523712,0.708486,0.705724,-0.001381
2.86741829,-2.86741805,3.36348367,0.708486,0.705724,-0.001381
2.58745837,-2.58745837,-0.00276089,0.708486,0.705724,-0.001381
2.68064070,-2.68064022,3.37663031,0.708486,0.705724,-0.001381
1.33041692,-1.33041668,3.05894661,0.708486,0.705724,-0.001381
-2.52110028,2.52110052,3.94764447,0.708486,0.705724,-0.001381
-0.82162118,0.82162118,1.36189413,0.708486,0.705724,-0.001381
2.02522779,-2.02522755,1.60360312,0.708486,0.705724,-0.001381
0.31330276,-0.31330276,0.82344103,0.708486,0.705724,-0.001381
3.23251057,-3.23251057,0.57686234,0.708486,0.705724,-0.001381
-1.69255602,1.69255626,2.97701168,0.708486,0.705724,-0.001381
3.19804978,-3.19804978,0.90525246,0.708486,0.705724,-0.001381
1.14120626,-1.14120603,1.30620289,0.708486,0.705724,-0.001381
-1.18101573,1.18101621,4.28086185,0.708486,0.705724,-0.001381
2.41930008,-2.41929984,2.92170238,0.708486,0.705724,-0.001381
-1.21285760,1.21285796,3.31065941,0.708486,0.705724,-0.001381
2.48209262,-2.48209214,3.86656380,0.708486,0.705724,-0.001381
3.08788824,-3.08788824,-1.62352753,0.708486,0.705724,-0.001381
1.54973674,-1.54973626,4.59271288,0.708486,0.705724,-0.001381
1.98830652,-1.98830652,0.79985046,0.708486,0.705724,-0.001381
-1.19835532,1.19835567,3.72687435,0.708486,0.705724,-0.001381
2.12123919,-2.12123895,2.86366177,0.708486,0.705724,-0.001381
2.69710898,-2.69710898,-1.35803604,0.708486,0.705724,-0.001381
-0.57101256,0.57101297,4.32676458,0.708486,0.705724,-0.001381
0.04333699,-0.04333675,2.64822578,0.708486,0.705724,-0.001381
0.93406439,-0.93406439,1.58049321,0.708486,0.705724,-0.001381
-1.25515866,1.25515890,2.26538944,0.708486,0.705724,-0.001381
1.30701184,-1.30701184,-0.60410786,0.708486,0.705724,-0.001381
-0.45318902,0.45318925,2.48898458,0.708486,0.705724,-0.001381
-2.03198075,2.03198123,4.46408319,0.708486,0.705724,-0.001381
-0.44063592,0.44063628,3.50895548,0.708486,0.705724,-0.001381
1.48884320,-1.48884320,-1.24028969,0.708486,0.705724,-0.001381
-1.76871836,1.76871872,4.39877033,0.708486,0.705724,-0.001381
0.25872827,-0.25872827,-0.12217045,0.708486,0.705724,-0.001381
-0.21352386,0.21352386,1.02269673,0.708486,0.705724,-0.001381
-1.59017789,1.59017825,4.17288828,0.708486,0.705724,-0.001381
-0.60317802,0.60317838,3.53414869,0.708486,0.705724,-0.001381
1.51350856,-1.51350856,-1.60908651,0.708486,0.705724,-0.001381
-0.21539521,0.21539557,3.07995510,0.708486,0.705724,-0.001381
-2.89088964,2.89089012,4.90830803,0.708486,0.705724,-0.001381
2.16697931,-2.16697931,-0.33124733,0.708486,0.705724,-0.001381
-2.09807444,2.09807444,3.03402829,0.708486,0.705724,-0.001381
0.75517267,-0.75517225,4.93893480,0.708486,0.705724,-0.001381
3.16998148,-3.16998148,1.07934928,0.708486,0.705724,-0.001381
1.24006200,-1.24006248,-1.25921249,0.708486,0.705724,-0.001381
-0.35427046,0.35427070,2.72429895,0.708486,0.705724,-0.001381
2.04022026,-2.04022026,-0.18002319,0.708486,0.705724,-0.001381
0.96387553,-0.96387553,-1.08271027,0.708486,0.705724,-0.001381
3.04027486,-3.04027438,4.42746019,0.708486,0.705724,-0.001381
1.92259228,-1.92259192,3.24446440,0.708486,0.705724,-0.001381
-3.06598949,3.06598997,4.92695189,0.708486,0.705724,-0.001381
0.16768169,-0.16768169,1.40555882,0.708486,0.705724,-0.001381
-3.26097918,3.26097965,4.68404102,0.708486,0.705724,-0.001381
-1.05500436,1.05500484,3.98264742,0.708486,0.705724,-0.001381
-0.57947147,0.57947183,3.75313473,0.708486,0.705724,-0.001381
1.64424825,-1.64424777,4.27214956,0.708486,0.705724,-0.001381
-2.72881413,2.72881460,4.54106665,0.708486,0.705724,-0.001381
0.65630424,-0.65630388,3.24262261,0.708486,0.705724,-0.001381
3.46582294,-3.46582294,-1.08492804,0.708486,0.705724,-0.001381
3.21323228,-3.21323228,0.75325394,0.708486,0.705724,-0.001381
1.35560918,-1.35560882,4.49227953,0.708486,0.705724,-0.001381
2.65619445,-2.65619421,1.23953605,0.708486,0.705724,-0.001381
2.17078972,-2.17078924,4.16840601,0.708486,0.705724,-0.001381
1.27637744,-1.27637696,4.54382753,0.708486,0.705724,-0.001381
3.51126599,-3.51126599,1.33468604,0.708486,0.705724,-0.001381
1.89507747,-1.89507747,1.10134721,0.708486,0.705724,-0.001381
-2.87438178,2.87438226,4.68086481,0.708486,0.705724,-0.001381
1.14851999,-1.14851975,3.59699154,0.708486,0.705724,-0.001381
-0.86887097,0.86887139,4.45847368,0.708486,0.705724,-0.001381
0.61963701,-0.61963701,0.07972908,0.708486,0.705724,-0.001381
1.99219990,-1.99219990,2.06565404,0.708486,0.705724,-0.001381
1.58396471,-1.58396435,3.14880872,0.708486,0.705724,-0.001381
1.20154619,-1.20154583,3.22975278,0.708486,0.705724,-0.001381
2.77174711,-2.77174711,-1.53782463,0.708486,0.705724,-0.001381
0.16289902,-0.16289902,0.71311235,0.708486,0.705724,-0.001381
3.14379478,-3.14379478,0.29660034,0.708486,0.705724,-0.001381
3.10413957,-3.10413957,0.81756210,0.708486,0.705724,-0.001381
3.52144074,-3.52144051,3.39884162,0.708486,0.705724,-0.001381
2.64931631,-2.64931631,0.95023918,0.708486,0.705724,-0.001381
0.03294563,-0.03294563,0.54421091,0.708486,0.705724,-0.001381
0.14883548,-0.14883512,4.24817991,0.708486,0.705724,-0.001381
3.00141048,-3.00141096,-2.50759983,0.708486,0.705724,-0.001381
-2.53502226,2.53502274,4.80596066,0.708486,0.705724,-0.001381
-0.11411834,0.11411834,1.25045323,0.708486,0.705724,-0.001381
2.73652697,-2.73652649,3.98857784,0.708486,0.705724,-0.001381
3.32028198,-3.32028198,-1.73792362,0.708486,0.705724,-0.001381
0.88654876,-0.88654876,0.10057545,0.708486,0.705724,-0.001381
0.37635636,-0.37635612,2.11223173,0.708486,0.705724,-0.001381
2.73518300,-2.73518276,0.64484549,0.708486,0.705724,-0.001381
-1.41776824,1.41776872,3.90320134,0.708486,0.705724,-0.001381
0.46660399,-0.46660376,2.72484207,0.708486,0.705724,-0.001381
-1.50387311,1.50387335,2.50438666,0.708486,0.705724,-0.001381
2.22308922,-2.22308969,-2.30511236,0.708486,0.705724,-0.001381
1.02409410,-1.02409387,1.67646599,0.708486,0.705724,-0.001381
0.70570445,-0.70570403,3.96639204,0.708486,0.705724,-0.001381
0.41601777,-0.41601777,0.06684256,0.708486,0.705724,-0.001381
1.08533275,-1.08533251,2.69338870,0.708486,0.705724,-0.001381
2.04615641,-2.04615593,4.03680944,0.708486,0.705724,-0.001381
2.52019358,-2.52019405,-2.92856598,0.708486,0.705724,-0.001381
-2.50697303,2.50697351,4.36457157,0.708486,0.705724,-0.001381
-0.24368274,0.24368310,3.24046302,0.708486,0.705724,-0.001381
2.54499674,-2.54499674,-0.60220480,0.708486,0.705724,-0.001381
2.87526035,-2.87526035,-1.99004459,0.708486,0.705724,-0.001381
0.91523337,-0.91523314,1.87941551,0.708486,0.705724,-0.001381
-0.80302620,0.80302620,2.15799999,0.708486,0.705724,-0.001381
2.10166597,-2.10166597,-0.57403469,0.708486,0.705724,-0.001381
-0.79283667,0.79283690,1.88473225,0.708486,0.705724,-0.001381
-1.70527780,1.70527804,2.74178529,0.708486,0.705724,-0.001381
-1.32487690,1.32487714,2.30537629,0.708486,0.705724,-0.001381
-0.94238400,0.94238436,2.56825900,0.708486,0.705724,-0.001381
1.49370635,-1.49370611,2.97507858,0.708486,0.705724,-0.001381
2.24746060,-2.24746013,4.86557245,0.708486,0.705724,-0.001381
2.97669077,-2.97669077,-2.66782379,0.708486,0.705724,-0.001381
1.89528847,-1.89528894,-1.77428961,0.708486,0.705724,-0.001381
3.04952788,-3.04952836,-2.44695663,0.708486,0.705724,-0.001381
-1.46043026,1.46043062,3.42747879,0.708486,0.705724,-0.001381
2.60728788,-2.60728765,1.44907689,0.708486,0.705724,-0.001381
-2.42535543,2.42535591,3.77338171,0.708486,0.705724,-0.001381
-0.27345955,0.27345979,2.39121556,0.708486,0.705724,-0.001381
3.13677645,-3.13677597,3.61024451,0.708486,0.705724,-0.001381
2.67780972,-2.67780972,2.92347383,0.708486,0.705724,-0.001381
2.61461806,-2.61461806,-1.60056686,0.708486,0.705724,-0.001381
-2.74926472,2.74926519,3.96639419,0.708486,0.705724,-0.001381
1.90313363,-1.90313339,3.39165354,0.708486,0.705724,-0.001381
2.21067119,-2.21067166,-2.92885399,0.708486,0.705724,-0.001381
0.42093682,-0.42093658,1.99661732,0.708486,0.705724,-0.001381
-1.08374560,1.08374608,4.73258257,0.708486,0.705724,-0.001381
3.42990303,-3.42990255,3.62138128,0.708486,0.705724,-0.001381
0.60556829,-0.60556793,3.21541309,0.708486,0.705724,-0.001381
0.84263039,-0.84263015,1.74228191,0.708486,0.705724,-0.001381
2.99970627,-2.99970675,-3.13569832,0.708486,0.705724,-0.001381
3.05356550,-3.05356550,-1.54328060,0.708486,0.705724,-0.001381
0.52162647,-0.52162623,0.78659821,0.708486,0.705724,-0.001381
-2.79531980,2.79532027,4.88271904,0.708486,0.705724,-0.001381
-2.56611991,2.56612039,4.78851223,0.708486,0.705724,-0.001381
-0.83169365,0.83169389,1.43275118,0.708486,0.705724,-0.001381
2.55660295,-2.55660248,4.51084042,0.708486,0.705724,-0.001381
1.09091032,-1.09091008,2.19620371,0.708486,0.705724,-0.001381
3.02429628,-3.02429581,3.35367250,0.708486,0.705724,-0.001381
2.06435609,-2.06435609,0.10129261,0.708486,0.705724,-0.001381
0.55932784,-0.55932784,0.67898560,0.708486,0.705724,-0.001381
-1.09404778,1.09404802,2.68080544,0.708486,0.705724,-0.001381
-1.43510509,1.43510544,4.23309517,0.708486,0.705724,-0.001381
3.20336771,-3.20336819,-1.83724928,0.708486,0.705724,-0.001381
0.87925172,-0.87925172,0.11813450,0.708486,0.705724,-0.001381
1.65424776,-1.65424776,1.40408611,0.708486,0.705724,-0.001381
-1.40681028,1.40681076,4.50072145,0.708486,0.705724,-0.001381
-0.75214392,0.75214440,4.86224174,0.708486,0.705724,-0.001381
1.19927669,-1.19927669,-0.97100306,0.708486,0.705724,-0.001381
-1.49514735,1.49514771,3.43203306,0.708486,0.705724,-0.001381
0.78426862,-0.78426862,1.76487327,0.708486,0.705724,-0.001381
-0.33725071,0.33725095,1.51965022,0.708486,0.705724,-0.001381
-1.19661021,1.19661045,2.00800514,0.708486,0.705724,-0.001381
2.49076557,-2.49076557,0.69038296,0.708486,0.705724,-0.001381
-0.89241982,0.89242023,4.13129854,0.708486,0.705724,-0.001381
0.40946290,-0.40946245,4.67067480,0.708486,0.705724,-0.001381
-1.27545130,1.27545154,2.44029307,0.708486,0.705724,-0.001381
1.53587818,-1.53587782,3.98191905,0.708486,0.705724,-0.001381
-2.99733567,2.99733615,4.80588579,0.708486,0.705724,-0.001381
-1.66026545,1.66026568,2.46193147,0.708486,0.705724,-0.001381
0.60980558,-0.60980558,0.07268620,0.708486,0.705724,-0.001381
0.83128917,-0.83128893,2.86311579,0.708486,0.705724,-0.001381
2.80746984,-2.80746984,-0.66127825,0.708486,0.705724,-0.001381
3.00103974,-3.00104022,-3.26517963,0.708486,0.705724,-0.001381
-0.35773742,0.35773784,4.66329956,0.708486,0.705724,-0.001381
-2.49118328,2.49118352,4.39881086,0.708486,0.705724,-0.001381
-0.55021548,0.55021548,0.91070700,0.708486,0.705724,-0.001381
1.30222273,-1.30222249,3.70123768,0.708486,0.705724,-0.001381
-1.14796472,1.14796495,1.80397224,0.708486,0.705724,-0.001381
3.15094995,-3.15094948,2.27096534,0.708486,0.705724,-0.001381
1.50035441,-1.50035405,3.21495366,0.708486,0.705724,-0.001381
0.21613291,-0.21613249,4.44249868,0.708486,0.705724,-0.001381
1.84431839,-1.84431839,-2.22408104,0.708486,0.705724,-0.001381
0.86330831,-0.86330795,3.13225818,0.708486,0.705724,-0.001381
2.15709400,-2.15709352,3.75447321,0.708486,0.705724,-0.001381
0.55803275,-0.55803233,4.18262911,0.708486,0.705724,-0.001381
3.36655116,-3.36655116,0.09530592,0.708486,0.705724,-0.001381
1.96558046,-1.96558011,4.88626623,0.708486,0.705724,-0.001381
2.76733518,-2.76733518,0.73579359,0.708486,0.705724,-0.001381
-0.58235168,0.58235192,1.58090019,0.708486,0.705724,-0.001381
1.64430380,-1.64430356,2.77641034,0.708486,0.705724,-0.001381
-2.49205947,2.49205971,3.58466196,0.708486,0.705724,-0.001381
2.03879523,-2.03879476,3.91197109,0.708486,0.705724,-0.001381
0.59647965,-0.59647930,3.88381100,0.708486,0.705724,-0.001381
1.28057110,-1.28057075,2.87058210,0.708486,0.705724,-0.001381
1.45867443,-1.45867443,-1.60825491,0.708486,0.705724,-0.001381
1.50793910,-1.50793910,-0.38213825,0.708486,0.705724,-0.001381
1.89532399,-1.89532447,-1.81987333,0.708486,0.705724,-0.001381
1.33643985,-1.33643937,4.16666412,0.708486,0.705724,-0.001381
1.90756607,-1.90756583,1.13839984,0.708486,0.705724,-0.001381
-1.63213217,1.63213253,3.90021944,0.708486,0.705724,-0.001381
-1.89543200,1.89543247,4.17504311,0.708486,0.705724,-0.001381
1.72969985,-1.72969985,0.58291435,0.708486,0.705724,-0.001381
1.32656550,-1.32656550,-0.23198175,0.708486,0.705724,-0.001381
3.50912857,-3.50912857,-4.12956619,0.708486,0.705724,-0.001381
-1.81409025,1.81409061,3.65357399,0.708486,0.705724,-0.001381
0.14425875,-0.14425831,4.79077482,0.708486,0.705724,-0.001381
1.28515315,-1.28515267,4.04932594,0.708486,0.705724,-0.001381
2.74788857,-2.74788857,0.61736870,0.708486,0.705724,-0.001381
-0.60292029,0.60292053,2.02013683,0.708486,0.705724,-0.001381
-2.21005082,2.21005106,3.78288102,0.708486,0.705724,-0.001381
3.20642138,-3.20642114,3.59088588,0.708486,0.705724,-0.001381
0.75351804,-0.75351769,3.72203445,0.708486,0.705724,-0.001381
3.22351670,-3.22351718,-3.40972900,0.708486,0.705724,-0.001381
3.35966134,-3.35966134,0.61009741,0.708486,0.705724,-0.001381
3.13187003,-3.13186979,1.80909395,0.708486,0.705724,-0.001381
1.33779359,-1.33779407,-1.30953312,0.708486,0.705724,-0.001381
-1.82577586,1.82577622,3.86873388,0.708486,0.705724,-0.001381
1.16399956,-1.16400003,-1.03366137,0.708486,0.705724,-0.001381
3.10053444,-3.10053444,-0.38567638,0.708486,0.705724,-0.001381
2.74868965,-2.74868941,3.09969354,0.708486,0.705724,-0.001381
-1.12333679,1.12333703,4.02412558,0.708486,0.705724,-0.001381
0.93652034,-0.93652034,0.29396582,0.708486,0.705724,-0.001381
1.90684319,-1.90684295,0.13278866,0.708486,0.705724,-0.001381
-1.12664032,1.12664056,2.44560766,0.708486,0.705724,-0.001381
1.48641264,-1.48641241,2.77007771,0.708486,0.705724,-0.001381
2.29889488,-2.29889464,0.77785921,0.708486,0.705724,-0.001381
2.28216314,-2.28216314,-0.19399214,0.708486,0.705724,-0.001381
2.54056311,-2.54056311,-1.13682175,0.708486,0.705724,-0.001381
0.77314568,-0.77314568,0.75981140,0.708486,0.705724,-0.001381
-0.23430872,0.23430896,0.65472174,0.708486,0.705724,-0.001381
0.72031999,-0.72031975,3.03423858,0.708486,0.705724,-0.001381
0.69335008,-0.69334972,3.00304389,0.708486,0.705724,-0.001381
0.08772469,-0.08772445,2.81565309,0.708486,0.705724,-0.001381
3.52215815,-3.52215791,3.49222112,0.708486,0.705724,-0.001381
-0.38018143,0.38018179,3.24928808,0.708486,0.705724,-0.001381
0.81358218,-0.81358218,0.84415436,0.708486,0.705724,-0.001381
-1.21075869,1.21075916,4.92857218,0.708486,0.705724,-0.001381
-0.54824084,0.54824132,4.84201527,0.708486,0.705724,-0.001381
-0.35588622,0.35588622,0.91419411,0.708486,0.705724,-0.001381
3.26868248,-3.26868224,1.36873841,0.708486,0.705724,-0.001381
1.00357199,-1.00357151,4.93871021,0.708486,0.705724,-0.001381
2.28205109,-2.28205156,-2.79532480,0.708486,0.705724,-0.001381
0.53196502,-0.53196502,1.00720191,0.708486,0.705724,-0.001381
-0.70248228,0.70248270,4.02177286,0.708486,0.705724,-0.001381
2.99762893,-2.99762869,3.47681522,0.708486,0.705724,-0.001381
2.26706171,-2.26706147,1.86513686,0.708486,0.705724,-0.001381
1.66210198,-1.66210198,-0.91611862,0.708486,0.705724,-0.001381
3.31647205,-3.31647158,4.39943027,0.708486,0.705724,-0.001381
-1.06515110,1.06515145,3.93296957,0.708486,0.705724,-0.001381
1.57753778,-1.57753778,0.15620995,0.708486,0.705724,-0.001381
3.39961219,-3.39961219,0.91484594,0.708486,0.705724,-0.001381
3.24135733,-3.24135780,-3.68136597,0.708486,0.705724,-0.001381
2.24024630,-2.24024606,3.71400738,0.708486,0.705724,-0.001381
2.19830298,-2.19830251,4.71936941,0.708486,0.705724,-0.001381
-0.73450673,0.73450685,2.28020859,0.708486,0.705724,-0.001381
2.63191128,-2.63191080,4.69283962,0.708486,0.705724,-0.001381
1.78514373,-1.78514326,4.72202015,0.708486,0.705724,-0.001381
0.97364426,-0.97364402,1.53941536,0.708486,0.705724,-0.001381
0.33665848,-0.33665812,3.55967140,0.708486,0.705724,-0.001381
3.19185781,-3.19185829,-3.99765587,0.708486,0.705724,-0.001381
2.22652531,-2.22652507,4.02067327,0.708486,0.705724,-0.001381
2.40135622,-2.40135598,3.64517975,0.708486,0.705724,-0.001381
-0.95890546,0.95890582,3.58916426,0.708486,0.705724,-0.001381
3.18435550,-3.18435550,1.27561092,0.708486,0.705724,-0.001381
3.37633038,-3.37632990,3.01497388,0.708486,0.705724,-0.001381
-1.65278649,1.65278685,3.93512893,0.708486,0.705724,-0.001381
0.83437645,-0.83437610,3.02903175,0.708486,0.705724,-0.001381
1.50559640,-1.50559592,4.50258684,0.708486,0.705724,-0.001381
1.43896091,-1.43896091,0.20712423,0.708486,0.705724,-0.001381
1.20873666,-1.20873642,0.84269571,0.708486,0.705724,-0.001381
1.43888211,-1.43888187,1.75799131,0.708486,0.705724,-0.001381
2.57152343,-2.57152343,-1.99935246,0.708486,0.705724,-0.001381
1.73164916,-1.73164916,-2.42066622,0.708486,0.705724,-0.001381
1.98695350,-1.98695326,1.79570484,0.708486,0.705724,-0.001381
-1.84338665,1.84338689,3.73742914,0.708486,0.705724,-0.001381
-1.46725428,1.46725452,2.33120561,0.708486,0.705724,-0.001381
1.77348065,-1.77348042,2.59143734,0.708486,0.705724,-0.001381
3.47746944,-3.47746921,1.99773550,0.708486,0.705724,-0.001381
-1.24567008,1.24567056,3.70933771,0.708486,0.705724,-0.001381
-0.78691077,0.78691101,2.17627764,0.708486,0.705724,-0.001381
2.93233919,-2.93233967,-3.65888214,0.708486,0.705724,-0.001381
-1.31659853,1.31659889,4.05310631,0.708486,0.705724,-0.001381
3.41103578,-3.41103530,4.27815390,0.708486,0.705724,-0.001381
-2.45932198,2.45932221,4.18919230,0.708486,0.705724,-0.001381
0.95490718,-0.95490694,1.47052908,0.708486,0.705724,-0.001381
1.93284988,-1.93284988,-1.82990646,0.708486,0.705724,-0.001381
3.19706368,-3.19706416,-4.15678120,0.708486,0.705724,-0.001381
-0.27370334,0.27370375,4.27841330,0.708486,0.705724,-0.001381
0.68259436,-0.68259400,3.58883524,0.708486,0.705724,-0.001381
0.95900351,-0.95900315,3.75589085,0.708486,0.705724,-0.001381
1.40895844,-1.40895844,-0.46091795,0.708486,0.705724,-0.001381
2.30238914,-2.30238914,-1.25113535,0.708486,0.705724,-0.001381
-0.73057938,0.73057961,1.75597072,0.708486,0.705724,-0.001381
2.93283081,-2.93283129,-2.86214256,0.708486,0.705724,-0.001381
3.32571030,-3.32571030,1.20561171,0.708486,0.705724,-0.001381
1.03161478,-1.03161478,-0.03275871,0.708486,0.705724,-0.001381
1.02387190,-1.02387166,1.72243404,0.708486,0.705724,-0.001381
1.99299598,-1.99299562,3.15872455,0.708486,0.705724,-0.001381
2.76373196,-2.76373148,4.46224689,0.708486,0.705724,-0.001381
1.67238283,-1.67238331,-1.55263424,0.708486,0.705724,-0.001381
1.74673581,-1.74673533,3.95017529,0.708486,0.705724,-0.001381
-1.98666394,1.98666441,4.46795511,0.708486,0.705724,-0.001381
-0.93029475,0.93029511,3.42467070,0.708486,0.705724,-0.001381
2.90895176,-2.90895224,-3.08607674,0.708486,0.705724,-0.001381
1.25469768,-1.25469732,4.45527220,0.708486,0.705724,-0.001381
2.13950157,-2.13950133,2.38736629,0.708486,0.705724,-0.001381
3.28042006,-3.28041959,4.24626637,0.708486,0.705724,-0.001381
0.24980265,-0.24980223,4.06152725,0.708486,0.705724,-0.001381
-0.38059568,0.38059592,1.39305687,0.708486,0.705724,-0.001381
1.48017526,-1.48017478,4.45562124,0.708486,0.705724,-0.001381
0.84216881,-0.84216857,0.99267435,0.708486,0.705724,-0.001381
3.29351640,-3.29351640,0.34948874,0.708486,0.705724,-0.001381
1.87804413,-1.87804413,-2.04297781,0.708486,0.705724,-0.001381
-2.31926870,2.31926894,3.52531505,0.708486,0.705724,-0.001381
0.57574677,-0.57574677,0.14522171,0.708486,0.705724,-0.001381
1.48310065,-1.48310030,4.42513371,0.708486,0.705724,-0.001381
-1.46692801,1.46692848,4.14585304,0.708486,0.705724,-0.001381
-0.71710348,0.71710372,1.84785557,0.708486,0.705724,-0.001381
3.47211552,-3.47211552,0.74381638,0.708486,0.705724,-0.001381
3.49291348,-3.49291396,-4.61807632,0.708486,0.705724,-0.001381
3.49930692,-3.49930692,0.20818186,0.708486,0.705724,-0.001381
-0.77811146,0.77811170,3.30507088,0.708486,0.705724,-0.001381
2.61482644,-2.61482644,-3.40664673,0.708486,0.705724,-0.001381
2.43620014,-2.43620014,-1.98774910,0.708486,0.705724,-0.001381
0.43623304,-0.43623281,1.39881635,0.708486,0.705724,-0.001381
1.67576253,-1.67576218,3.32263041,0.708486,0.705724,-0.001381
1.01040864,-1.01040864,-1.38551331,0.708486,0.705724,-0.001381
-0.02644408,0.02644444,2.99528861,0.708486,0.705724,-0.001381
