-4.01170588,-1.02020001,0.00000000,0.000978,0.000978,0.999999
-2.54724765,1.54579473,0.00000000,0.000978,0.000978,0.999999
2.75443316,3.83873701,0.00000000,0.000978,0.000978,0.999999
-1.99298596,0.05904889,0.00000000,0.000978,0.000978,0.999999
-0.56098557,2.46592402,0.00000000,0.000978,0.000978,0.999999
-4.31838131,3.47135830,0.00000000,0.000978,0.000978,0.999999
-4.98632336,3.66231632,0.00000000,0.000978,0.000978,0.999999
0.73432827,3.58993816,0.00000000,0.000978,0.000978,0.999999
0.17746544,0.26295343,0.00000000,0.000978,0.000978,0.999999
-2.86065769,-2.50030136,0.00000000,0.000978,0.000978,0.999999
-0.77005434,0.67835307,0.00000000,0.000978,0.000978,0.999999
-4.43762684,1.10492516,0.00000000,0.000978,0.000978,0.999999
3.01897240,4.28523254,0.00000000,0.000978,0.000978,0.999999
1.14310789,2.57865238,0.00000000,0.000978,0.000978,0.999999
0.47724152,4.72597361,0.00000000,0.000978,0.000978,0.999999
0.94693422,4.67482901,0.00000000,0.000978,0.000978,0.999999
-2.67865539,0.18947101,0.00000000,0.000978,0.000978,0.999999
1.59000683,2.47041392,0.00000000,0.000978,0.000978,0.999999
0.82467365,2.84089661,0.00000000,0.000978,0.000978,0.999999
-2.46788883,-1.60455382,0.00000000,0.000978,0.000978,0.999999
-2.91056132,2.76833129,0.00000000,0.000978,0.000978,0.999999
-3.24399710,4.53746605,0.00000000,0.000978,0.000978,0.999999
-3.02799630,4.53001690,0.00000000,0.000978,0.000978,0.999999
-1.73031688,-0.52956891,0.00000000,0.000978,0.000978,0.999999
0.75070190,1.43736184,0.00000000,0.000978,0.000978,0.999999
-2.09793615,4.49404860,0.00000000,0.000978,0.000978,0.999999
1.30276728,1.69070017,0.00000000,0.000978,0.000978,0.999999
-4.33666515,-0.85812855,0.00000000,0.000978,0.000978,0.999999
-4.59613991,-1.83981895,0.00000000,0.000978,0.000978,0.999999
-3.04984140,4.64709902,0.00000000,0.000978,0.000978,0.999999
-4.99305630,3.50885773,0.00000000,0.000978,0.000978,0.999999
-2.23397875,4.75867701,0.00000000,0.000978,0.000978,0.999999
-2.22776413,1.60463786,0.00000000,0.000978,0.000978,0.999999
0.36095667,3.80746508,0.00000000,0.000978,0.000978,0.999999
1.62407398,3.17938066,0.00000000,0.000978,0.000978,0.999999
-4.59035778,1.81923389,0.00000000,0.000978,0.000978,0.999999
2.13474178,3.48719668,0.00000000,0.000978,0.000978,0.999999
0.89918375,2.64417243,0.00000000,0.000978,0.000978,0.999999
-4.27903223,-2.96245003,0.00000000,0.000978,0.000978,0.999999
-3.05920219,1.64938879,0.00000000,0.000978,0.000978,0.999999
-3.33102489,2.49129748,0.00000000,0.000978,0.000978,0.999999
-4.34566879,1.58631992,0.00000000,0.000978,0.000978,0.999999
-2.45297527,2.28098679,0.00000000,0.000978,0.000978,0.999999
-3.30910206,4.11832857,0.00000000,0.000978,0.000978,0.999999
-0.11524439,3.27173376,0.00000000,0.000978,0.000978,0.999999
0.98998499,3.50996351,0.00000000,0.000978,0.000978,0.999999
-3.63916397,4.04497671,0.00000000,0.000978,0.000978,0.999999
-3.20850849,4.59997559,0.00000000,0.000978,0.000978,0.999999
0.43541622,1.02607012,0.00000000,0.000978,0.000978,0.999999
-4.97804165,2.95422077,0.00000000,0.000978,0.000978,0.999999
-4.93216085,-1.63450050,0.00000000,0.000978,0.000978,0.999999
-1.35221457,2.48674655,0.00000000,0.000978,0.000978,0.999999
1.06776762,1.82916832,0.00000000,0.000978,0.000978,0.999999
-3.27957082,-2.56259680,0.00000000,0.000978,0.000978,0.999999
1.32187605,1.36429131,0.00000000,0.000978,0.000978,0.999999
-1.89876080,0.10999107,0.00000000,0.000978,0.000978,0.999999
-2.73101425,4.76673746,0.00000000,0.000978,0.000978,0.999999
-4.24055767,-2.03879857,0.00000000,0.000978,0.000978,0.999999
1.07874489,1.43706238,0.00000000,0.000978,0.000978,0.999999
-3.67206383,-0.26351976,0.00000000,0.000978,0.000978,0.999999
-4.95724297,0.05475998,0.00000000,0.000978,0.000978,0.999999
2.49195147,3.21407318,0.00000000,0.000978,0.000978,0.999999
0.35049152,0.51374650,0.00000000,0.000978,0.000978,0.999999
-4.16283655,3.46775961,0.00000000,0.000978,0.000978,0.999999
-3.64296246,1.32373619,0.00000000,0.000978,0.000978,0.999999
0.34704590,2.20472026,0.00000000,0.000978,0.000978,0.999999
-3.88513136,-1.55752873,0.00000000,0.000978,0.000978,0.999999
-0.71065426,1.98477173,0.00000000,0.000978,0.000978,0.999999
-0.96453381,2.41806912,0.00000000,0.000978,0.000978,0.999999
-3.60885119,2.89729714,0.00000000,0.000978,0.000978,0.999999
2.02646637,4.22879791,0.00000000,0.000978,0.000978,0.999999
0.45519161,0.55262774,0.00000000,0.000978,0.000978,0.999999
-1.47417760,-1.22869909,0.00000000,0.000978,0.000978,0.999999
2.09229851,3.85131764,0.00000000,0.000978,0.000978,0.999999
-4.51350451,-2.25989819,0.00000000,0.000978,0.000978,0.999999
-4.03085423,1.13438654,0.00000000,0.000978,0.000978,0.999999
-3.26844835,2.30080700,0.00000000,0.000978,0.000978,0.999999
-1.73547244,0.98244739,0.00000000,0.000978,0.000978,0.999999
1.91355324,4.09317970,0.00000000,0.000978,0.000978,0.999999
1.87542439,4.14951611,0.00000000,0.000978,0.000978,0.999999
0.44822025,2.19471478,0.00000000,0.000978,0.000978,0.999999
-2.31393361,0.52430820,0.00000000,0.000978,0.000978,0.999999
0.39869356,3.94837570,0.00000000,0.000978,0.000978,0.999999
1.58674669,4.39051914,0.00000000,0.000978,0.000978,0.999999
-2.50402498,-0.53939450,0.00000000,0.000978,0.000978,0.999999
1.19218302,3.52188849,0.00000000,0.000978,0.000978,0.999999
-0.35138369,4.13718987,0.00000000,0.000978,0.000978,0.999999
-1.12689543,4.65998983,0.00000000,0.000978,0.000978,0.999999
-2.80014706,-2.49993849,0.00000000,0.000978,0.000978,0.999999
-3.69657922,3.15822434,0.00000000,0.000978,0.000978,0.999999
-4.31394148,3.28029585,0.00000000,0.000978,0.000978,0.999999
-3.44648886,4.90610361,0.00000000,0.000978,0.000978,0.999999
-3.85771656,-1.61029243,0.00000000,0.000978,0.000978,0.999999
-4.48456383,1.58209753,0.00000000,0.000978,0.000978,0.999999
-2.80968285,0.17482519,0.00000000,0.000978,0.000978,0.999999
-1.16125584,1.88748145,0.00000000,0.000978,0.000978,0.999999
1.84145355,3.32288170,0.00000000,0.000978,0.000978,0.999999
-1.44828296,3.38707805,0.00000000,0.000978,0.000978,0.999999
2.17716503,4.16857815,0.00000000,0.000978,0.000978,0.999999
-4.16413546,2.49690342,0.00000000,0.000978,0.000978,0.999999
-3.89206886,1.28517342,0.00000000,0.000978,0.000978,0.999999
-2.83831692,4.44643879,0.00000000,0.000978,0.000978,0.999999
-3.26517725,-2.39058042,0.00000000,0.000978,0.000978,0.999999
-3.29983377,1.87209463,0.00000000,0.000978,0.000978,0.999999
0.41806030,1.02175486,0.00000000,0.000978,0.000978,0.999999
-2.12435341,4.71682930,0.00000000,0.000978,0.000978,0.999999
-2.78844237,3.85291123,0.00000000,0.000978,0.000978,0.999999
2.98455048,4.81518316,0.00000000,0.000978,0.000978,0.999999
-3.06176162,-0.52613592,0.00000000,0.000978,0.000978,0.999999
-4.56501579,1.07980251,0.00000000,0.000978,0.000978,0.999999
-4.92735958,0.51295614,0.00000000,0.000978,0.000978,0.999999
-1.33598924,4.99581146,0.00000000,0.000978,0.000978,0.999999
-3.18883181,3.73503828,0.00000000,0.000978,0.000978,0.999999
-0.12178993,1.20441043,0.00000000,0.000978,0.000978,0.999999
-0.70776892,2.89239740,0.00000000,0.000978,0.000978,0.999999
-3.75612450,-0.24605083,0.00000000,0.000978,0.000978,0.999999
-2.07258606,4.05876255,0.00000000,0.000978,0.000978,0.999999
-3.86636972,-1.76841927,0.00000000,0.000978,0.000978,0.999999
-0.10838556,2.44067287,0.00000000,0.000978,0.000978,0.999999
-3.74445581,1.91792107,0.00000000,0.000978,0.000978,0.999999
-4.03333092,-1.89868546,0.00000000,0.000978,0.000978,0.999999
-0.03897476,1.80118322,0.00000000,0.000978,0.000978,0.999999
-3.97343349,4.88122368,0.00000000,0.000978,0.000978,0.999999
-3.04102087,2.32700729,0.00000000,0.000978,0.000978,0.999999
1.31325436,3.71983814,0.00000000,0.000978,0.000978,0.999999
-3.58946848,-2.96769190,0.00000000,0.000978,0.000978,0.999999
0.10665655,3.41399240,0.00000000,0.000978,0.000978,0.999999
-0.86253834,2.29454231,0.00000000,0.000978,0.000978,0.999999
-3.22590685,-1.74651074,0.00000000,0.000978,0.000978,0.999999
-3.48960090,2.19279313,0.00000000,0.000978,0.000978,0.999999
-1.10174561,-0.48784566,0.00000000,0.000978,0.000978,0.999999
-1.88731647,-1.40555143,0.00000000,0.000978,0.000978,0.999999
-2.65607095,0.66872644,0.00000000,0.000978,0.000978,0.999999
-2.99549365,1.89480138,0.00000000,0.000978,0.000978,0.999999
2.78826332,4.14340115,0.00000000,0.000978,0.000978,0.999999
-4.56354475,1.76180077,0.00000000,0.000978,0.000978,0.999999
-2.74534488,3.48174787,0.00000000,0.000978,0.000978,0.999999
-4.71305132,0.59162617,0.00000000,0.000978,0.000978,0.999999
1.02125883,3.01510859,0.00000000,0.000978,0.000978,0.999999
-3.72925711,4.41662169,0.00000000,0.000978,0.000978,0.999999
-4.25297785,-3.04095578,0.00000000,0.000978,0.000978,0.999999
-2.27064967,2.28505588,0.00000000,0.000978,0.000978,0.999999
-4.74622774,-3.73375869,0.00000000,0.000978,0.000978,0.999999
-1.27218390,3.17880201,0.00000000,0.000978,0.000978,0.999999
0.38882160,0.79012984,0.00000000,0.000978,0.000978,0.999999
-2.02540636,4.54200983,0.00000000,0.000978,0.000978,0.999999
-1.66884923,1.97966051,0.00000000,0.000978,0.000978,0.999999
-0.23729229,1.08132327,0.00000000,0.000978,0.000978,0.999999
-4.80488825,1.13213778,0.00000000,0.000978,0.000978,0.999999
-3.26528978,-2.36482334,0.00000000,0.000978,0.000978,0.999999
-2.18490148,0.08736706,0.00000000,0.000978,0.000978,0.999999
2.27632475,2.32471657,0.00000000,0.000978,0.000978,0.999999
-1.58010578,1.11387968,0.00000000,0.000978,0.000978,0.999999
0.32170200,3.22763586,0.00000000,0.000978,0.000978,0.999999
0.60168266,1.88415885,0.00000000,0.000978,0.000978,0.999999
-3.91448808,3.49834180,0.00000000,0.000978,0.000978,0.999999
-0.03463650,1.44343996,0.00000000,0.000978,0.000978,0.999999
-2.48370385,2.52577472,0.00000000,0.000978,0.000978,0.999999
1.52156734,2.45467615,0.00000000,0.000978,0.000978,0.999999
-1.64931297,-0.44199574,0.00000000,0.000978,0.000978,0.999999
-1.79740000,0.44348717,0.00000000,0.000978,0.000978,0.999999
-0.53713369,3.78197384,0.00000000,0.000978,0.000978,0.999999
-4.96926498,-0.25165558,0.00000000,0.000978,0.000978,0.999999
-1.96741843,-1.46151912,0.00000000,0.000978,0.000978,0.999999
-3.93940306,4.68461657,0.00000000,0.000978,0.000978,0.999999
-0.95529413,3.08740044,0.00000000,0.000978,0.000978,0.999999
-3.94093752,-1.69258428,0.00000000,0.000978,0.000978,0.999999
-2.79624438,1.29063535,0.00000000,0.000978,0.000978,0.999999
2.52876329,2.77442884,0.00000000,0.000978,0.000978,0.999999
-3.72021794,0.72374749,0.00000000,0.000978,0.000978,0.999999
-1.21879721,4.09446526,0.00000000,0.000978,0.000978,0.999999
-2.97599483,-0.89161062,0.00000000,0.000978,0.000978,0.999999
-4.64354658,-0.98150635,0.00000000,0.000978,0.000978,0.999999
2.03522396,3.03960609,0.00000000,0.000978,0.000978,0.999999
-3.43951535,3.75886178,0.00000000,0.000978,0.000978,0.999999
-3.98226953,-2.89976287,0.00000000,0.000978,0.000978,0.999999
-2.60394573,-1.24259567,0.00000000,0.000978,0.000978,0.999999
-1.55298996,4.67542839,0.00000000,0.000978,0.000978,0.999999
-4.40463018,3.61063719,0.00000000,0.000978,0.000978,0.999999
-2.80193830,1.19330359,0.00000000,0.000978,0.000978,0.999999
-3.56078482,-0.78698063,0.00000000,0.000978,0.000978,0.999999
2.56540489,4.96160841,0.00000000,0.000978,0.000978,0.999999
-0.02981138,1.21958399,0.00000000,0.000978,0.000978,0.999999
-3.82210255,1.62293196,0.00000000,0.000978,0.000978,0.999999
-4.56305408,4.35967827,0.00000000,0.000978,0.000978,0.999999
-4.16851950,-3.20989895,0.00000000,0.000978,0.000978,0.999999
-3.46529579,1.12009048,0.00000000,0.000978,0.000978,0.999999
0.86414289,2.74944925,0.00000000,0.000978,0.000978,0.999999
0.37728882,0.61900651,0.00000000,0.000978,0.000978,0.999999
-3.25432396,0.88455153,0.00000000,0.000978,0.000978,0.999999
-2.16194439,3.89536095,0.00000000,0.000978,0.000978,0.999999
-2.81560159,-1.48507905,0.00000000,0.000978,0.000978,0.999999
-2.35261083,4.64814281,0.00000000,0.000978,0.000978,0.999999
-4.16728783,-3.26922989,0.00000000,0.000978,0.000978,0.999999
-3.58170223,-1.24687290,0.00000000,0.000978,0.000978,0.999999
-4.87831163,-2.19011712,0.00000000,0.000978,0.000978,0.999999
-3.13114929,0.34892082,0.00000000,0.000978,0.000978,0.999999
-4.63330555,-0.61770773,0.00000000,0.000978,0.000978,0.999999
-1.51093102,0.20443845,0.00000000,0.000978,0.000978,0.999999
3.60365009,3.75809121,0.00000000,0.000978,0.000978,0.999999
-1.39138961,4.86459064,0.00000000,0.000978,0.000978,0.999999
3.05292320,3.71315956,0.00000000,0.000978,0.000978,0.999999
2.66364193,4.71811962,0.00000000,0.000978,0.000978,0.999999
-0.20637894,-0.13266881,0.00000000,0.000978,0.000978,0.999999
-3.81190109,-3.63140488,0.00000000,0.000978,0.000978,0.999999
-2.87223244,0.43533993,0.00000000,0.000978,0.000978,0.999999
-1.71513987,2.71234512,0.00000000,0.000978,0.000978,0.999999
-1.79520011,0.18512380,0.00000000,0.000978,0.000978,0.999999
-0.33303070,2.70254207,0.00000000,0.000978,0.000978,0.999999
3.12182999,3.27655768,0.00000000,0.000978,0.000978,0.999999
-4.15812588,-3.84545445,0.00000000,0.000978,0.000978,0.999999
-0.70664597,1.07384109,0.00000000,0.000978,0.000978,0.999999
1.92952347,4.42109251,0.00000000,0.000978,0.000978,0.999999
0.63541460,3.12763453,0.00000000,0.000978,0.000978,0.999999
3.40529823,3.76574945,0.00000000,0.000978,0.000978,0.999999
-2.92688274,3.19133472,0.00000000,0.000978,0.000978,0.999999
-4.78993893,3.26460075,0.00000000,0.000978,0.000978,0.999999
-2.24058342,-1.34371948,0.00000000,0.000978,0.000978,0.999999
4.08455086,4.66603422,0.00000000,0.000978,0.000978,0.999999
-3.74888134,1.10478115,0.00000000,0.000978,0.000978,0.999999
-3.28230786,1.58034015,0.00000000,0.000978,0.000978,0.999999
-3.27433157,0.26611876,0.00000000,0.000978,0.000978,0.999999
-2.38033319,1.57749629,0.00000000,0.000978,0.000978,0.999999
-0.61764145,4.11712933,0.00000000,0.000978,0.000978,0.999999
-3.17518306,-0.57287097,0.00000000,0.000978,0.000978,0.999999
-4.38864088,-0.02429914,0.00000000,0.000978,0.000978,0.999999
-3.96722698,-2.33242583,0.00000000,0.000978,0.000978,0.999999
-3.90317130,-1.45353103,0.00000000,0.000978,0.000978,0.999999
-4.64182615,0.02127600,0.00000000,0.000978,0.000978,0.999999
0.13768578,2.64772320,0.00000000,0.000978,0.000978,0.999999
-3.28946376,4.09408092,0.00000000,0.000978,0.000978,0.999999
2.10806179,4.03953457,0.00000000,0.000978,0.000978,0.999999
-0.25896835,1.08775592,0.00000000,0.000978,0.000978,0.999999
-4.79773378,-0.97670698,0.00000000,0.000978,0.000978,0.999999
-3.44927430,-0.72224545,0.00000000,0.000978,0.000978,0.999999
0.33668756,1.67312288,0.00000000,0.000978,0.000978,0.999999
0.41582155,1.56443834,0.00000000,0.000978,0.000978,0.999999
4.38600731,4.65907240,0.00000000,0.000978,0.000978,0.999999
-0.07977533,0.04419312,0.00000000,0.000978,0.000978,0.999999
-3.30505157,2.35496497,0.00000000,0.000978,0.000978,0.999999
-4.38272858,-2.29439545,0.00000000,0.000978,0.000978,0.999999
-4.51271868,0.34046984,0.00000000,0.000978,0.000978,0.999999
-1.10706568,2.90563869,0.00000000,0.000978,0.000978,0.999999
-0.79613400,3.79709625,0.00000000,0.000978,0.000978,0.999999
-1.66644335,2.97045612,0.00000000,0.000978,0.000978,0.999999
0.66432381,3.98958850,0.00000000,0.000978,0.000978,0.999999
-1.11685085,4.92850304,0.00000000,0.000978,0.000978,0.999999
-0.95103168,0.46387744,0.00000000,0.000978,0.000978,0.999999
-4.28579712,-0.92467427,0.00000000,0.000978,0.000978,0.999999
-4.20569324,4.06442833,0.00000000,0.000978,0.000978,0.999999
2.81286478,3.34063554,0.00000000,0.000978,0.000978,0.999999
1.05533695,3.76408434,0.00000000,0.000978,0.000978,0.999999
-2.90935135,4.46031666,0.00000000,0.000978,0.000978,0.999999
-4.52997446,1.73252916,0.00000000,0.000978,0.000978,0.999999
-4.30573511,3.48628187,0.00000000,0.000978,0.000978,0.999999
-2.44069791,3.52504420,0.00000000,0.000978,0.000978,0.999999
4.39931011,4.41402483,0.00000000,0.000978,0.000978,0.999999
-3.75433922,-1.63913870,0.00000000,0.000978,0.000978,0.999999
-3.08715248,2.38253450,0.00000000,0.000978,0.000978,0.999999
-0.77599525,0.59758282,0.00000000,0.000978,0.000978,0.999999
-1.61075783,1.16060162,0.00000000,0.000978,0.000978,0.999999
-0.17459774,2.50910664,0.00000000,0.000978,0.000978,0.999999
0.17939758,2.18815875,0.00000000,0.000978,0.000978,0.999999
-0.79084682,1.67525411,0.00000000,0.000978,0.000978,0.999999
0.34829378,3.14156580,0.00000000,0.000978,0.000978,0.999999
-3.71816158,0.21965528,0.00000000,0.000978,0.000978,0.999999
-2.99361753,-2.14549494,0.00000000,0.000978,0.000978,0.999999
2.68229580,2.91484118,0.00000000,0.000978,0.000978,0.999999
0.54265547,1.84040666,0.00000000,0.000978,0.000978,0.999999
1.34325981,1.94333136,0.00000000,0.000978,0.000978,0.999999
3.79391861,4.07974052,0.00000000,0.000978,0.000978,0.999999
-4.41193819,-2.56573701,0.00000000,0.000978,0.000978,0.999999
-4.45965767,-0.98091698,0.00000000,0.000978,0.000978,0.999999
1.76790142,4.58807611,0.00000000,0.000978,0.000978,0.999999
-1.29447985,0.12227356,0.00000000,0.000978,0.000978,0.999999
2.25987005,2.87777877,0.00000000,0.000978,0.000978,0.999999
2.51455402,3.75629044,0.00000000,0.000978,0.000978,0.999999
2.63916063,4.98422146,0.00000000,0.000978,0.000978,0.999999
1.14063072,4.07071352,0.00000000,0.000978,0.000978,0.999999
-3.53301811,-3.39092255,0.00000000,0.000978,0.000978,0.999999
0.65807819,2.72476053,0.00000000,0.000978,0.000978,0.999999
-3.20491648,2.48093081,0.00000000,0.000978,0.000978,0.999999
-1.51098394,1.26251984,0.00000000,0.000978,0.000978,0.999999
-4.55067873,-3.18632269,0.00000000,0.000978,0.000978,0.999999
-1.72783399,-0.89352578,0.00000000,0.000978,0.000978,0.999999
-2.27339959,4.73426247,0.00000000,0.000978,0.000978,0.999999
0.07570362,2.48360348,0.00000000,0.000978,0.000978,0.999999
-1.90286112,-0.19547629,0.00000000,0.000978,0.000978,0.999999
-0.01710320,4.69170237,0.00000000,0.000978,0.000978,0.999999
-4.23975706,3.03704929,0.00000000,0.000978,0.000978,0.999999
-4.35746288,4.40210819,0.00000000,0.000978,0.000978,0.999999
1.29268646,3.08873653,0.00000000,0.000978,0.000978,0.999999
0.66069221,0.71200514,0.00000000,0.000978,0.000978,0.999999
-3.38174605,-1.73799837,0.00000000,0.000978,0.000978,0.999999
-0.30826569,1.01854694,0.00000000,0.000978,0.000978,0.999999
-2.03334427,0.61429882,0.00000000,0.000978,0.000978,0.999999
-2.84839272,2.77484107,0.00000000,0.000978,0.000978,0.999999
-2.44663239,0.38815832,0.00000000,0.000978,0.000978,0.999999
-1.72806168,2.26517558,0.00000000,0.000978,0.000978,0.999999
2.50276947,3.80971646,0.00000000,0.000978,0.000978,0.999999
0.89273643,3.23082495,0.00000000,0.000978,0.000978,0.999999
-4.03354216,-1.39843130,0.00000000,0.000978,0.000978,0.999999
-1.48084402,3.54790878,0.00000000,0.000978,0.000978,0.999999
-0.77801561,2.52744317,0.00000000,0.000978,0.000978,0.999999
-4.54419708,3.22385693,0.00000000,0.000978,0.000978,0.999999
-2.74678373,-0.33801150,0.00000000,0.000978,0.000978,0.999999
1.01231194,3.87771654,0.00000000,0.000978,0.000978,0.999999
-4.60074949,2.22025537,0.00000000,0.000978,0.000978,0.999999
-3.39187717,-2.90787816,0.00000000,0.000978,0.000978,0.999999
1.71304893,1.74258375,0.00000000,0.000978,0.000978,0.999999
-3.28681564,-2.53028560,0.00000000,0.000978,0.000978,0.999999
-1.26334190,0.00103283,0.00000000,0.000978,0.000978,0.999999
-0.40462494,1.41922343,0.00000000,0.000978,0.000978,0.999999
-3.61233950,-2.24698615,0.00000000,0.000978,0.000978,0.999999
0.48277617,2.45635223,0.00000000,0.000978,0.000978,0.999999
-1.10334897,3.40701556,0.00000000,0.000978,0.000978,0.999999
-0.99375582,1.22581172,0.00000000,0.000978,0.000978,0.999999
0.38373041,1.76354194,0.00000000,0.000978,0.000978,0.999999
1.94094753,2.01268148,0.00000000,0.000978,0.000978,0.999999
-4.32037878,3.30367136,0.00000000,0.000978,0.000978,0.999999
-1.26594186,0.91556406,0.00000000,0.000978,0.000978,0.999999
-2.82437968,-1.21042430,0.00000000,0.000978,0.000978,0.999999
-4.77590322,-0.38766813,0.00000000,0.000978,0.000978,0.999999
-4.13785744,-2.95428801,0.00000000,0.000978,0.000978,0.999999
-0.52249002,1.76833129,0.00000000,0.000978,0.000978,0.999999
0.33218384,2.27083206,0.00000000,0.000978,0.000978,0.999999
2.03674603,2.83195353,0.00000000,0.000978,0.000978,0.999999
-2.22555017,3.59484243,0.00000000,0.000978,0.000978,0.999999
-2.91557217,3.08987284,0.00000000,0.000978,0.000978,0.999999
-2.27217412,4.92188931,0.00000000,0.000978,0.000978,0.999999
0.80611467,3.72855687,0.00000000,0.000978,0.000978,0.999999
-2.73322058,2.85683584,0.00000000,0.000978,0.000978,0.999999
-4.71134663,-2.70727301,0.00000000,0.000978,0.000978,0.999999
1.40771151,2.88155723,0.00000000,0.000978,0.000978,0.999999
-3.79531813,1.30018473,0.00000000,0.000978,0.000978,0.999999
-0.04830122,4.17102861,0.00000000,0.000978,0.000978,0.999999
-4.62352753,0.92752075,0.00000000,0.000978,0.000978,0.999999
-4.52851391,-4.19518661,0.00000000,0.000978,0.000978,0.999999
-2.88161612,-1.12245166,0.00000000,0.000978,0.000978,0.999999
-4.14031029,0.52722692,0.00000000,0.000978,0.000978,0.999999
-3.55185032,2.69091988,0.00000000,0.000978,0.000978,0.999999
-2.82284355,4.21365356,0.00000000,0.000978,0.000978,0.999999
-1.76292634,0.63814282,0.00000000,0.000978,0.000978,0.999999
-4.79194498,-3.81935120,0.00000000,0.000978,0.000978,0.999999
-0.16712523,-0.04397117,0.00000000,0.000978,0.000978,0.999999
-3.75699377,0.87503433,0.00000000,0.000978,0.000978,0.999999
-2.97682858,0.97942114,0.00000000,0.000978,0.000978,0.999999
-3.32099128,3.39791369,0.00000000,0.000978,0.000978,0.999999
-2.08996868,-1.80137038,0.00000000,0.000978,0.000978,0.999999
-4.48770809,-4.38999462,0.00000000,0.000978,0.000978,0.999999
-4.52564287,3.68677664,0.00000000,0.000978,0.000978,0.999999
1.17557240,4.34470749,0.00000000,0.000978,0.000978,0.999999
0.94435883,3.47926140,0.00000000,0.000978,0.000978,0.999999
-4.44190216,-2.01103783,0.00000000,0.000978,0.000978,0.999999
-4.88865805,-0.43552494,0.00000000,0.000978,0.000978,0.999999
-0.35065413,2.66035295,0.00000000,0.000978,0.000978,0.999999
-4.32583952,2.67924404,0.00000000,0.000978,0.000978,0.999999
0.44873714,4.62152386,0.00000000,0.000978,0.000978,0.999999
-3.57146597,4.71537447,0.00000000,0.000978,0.000978,0.999999
-1.37010384,3.92533970,0.00000000,0.000978,0.000978,0.999999
-1.65413523,2.96867132,0.00000000,0.000978,0.000978,0.999999
-2.26940846,4.93756104,0.00000000,0.000978,0.000978,0.999999
-4.10533047,0.04985142,0.00000000,0.000978,0.000978,0.999999
-0.27739143,3.11504745,0.00000000,0.000978,0.000978,0.999999
-1.26777911,4.12674332,0.00000000,0.000978,0.000978,0.999999
0.07721424,0.26642552,0.00000000,0.000978,0.000978,0.999999
-2.33612013,1.79588604,0.00000000,0.000978,0.000978,0.999999
-0.95535517,4.56549931,0.00000000,0.000978,0.000978,0.999999
-4.94173336,-2.16066360,0.00000000,0.000978,0.000978,0.999999
-3.79462242,3.51061916,0.00000000,0.000978,0.000978,0.999999
-3.13130379,-0.87517643,0.00000000,0.000978,0.000978,0.999999
2.37478304,4.31431818,0.00000000,0.000978,0.000978,0.999999
-3.64597154,-2.74220037,0.00000000,0.000978,0.000978,0.999999
1.91063786,3.62276340,0.00000000,0.000978,0.000978,0.999999
-3.86630058,1.88450575,0.00000000,0.000978,0.000978,0.999999
-4.99575901,-2.62425971,0.00000000,0.000978,0.000978,0.999999
0.23415327,4.70053148,0.00000000,0.000978,0.000978,0.999999
0.27353859,2.57939863,0.00000000,0.000978,0.000978,0.999999
-3.64904356,0.63400745,0.00000000,0.000978,0.000978,0.999999
-3.02315950,3.73998928,0.00000000,0.000978,0.000978,0.999999
0.30952978,0.84188467,0.00000000,0.000978,0.000978,0.999999
-4.65547037,4.77710295,0.00000000,0.000978,0.000978,0.999999
-0.97807789,2.97512150,0.00000000,0.000978,0.000978,0.999999
-2.29706049,2.13055563,0.00000000,0.000978,0.000978,0.999999
-0.67752647,-0.13384461,0.00000000,0.000978,0.000978,0.999999
-3.09150648,-2.46868730,0.00000000,0.000978,0.000978,0.999999
2.19095707,2.92403555,0.00000000,0.000978,0.000978,0.999999
-2.74339843,-2.45770979,0.00000000,0.000978,0.000978,0.999999
0.00122309,3.93417001,0.00000000,0.000978,0.000978,0.999999
1.99896860,3.76727676,0.00000000,0.000978,0.000978,0.999999
1.22116804,1.77534974,0.00000000,0.000978,0.000978,0.999999
-3.82096934,1.75886083,0.00000000,0.000978,0.000978,0.999999
3.12276554,4.31373119,0.00000000,0.000978,0.000978,0.999999
-4.93109846,1.37534046,0.00000000,0.000978,0.000978,0.999999
-0.80571842,-0.30211937,0.00000000,0.000978,0.000978,0.999999
1.83380079,4.89619446,0.00000000,0.000978,0.000978,0.999999
-3.83068657,4.18746567,0.00000000,0.000978,0.000978,0.999999
0.60722256,3.70489383,0.00000000,0.000978,0.000978,0.999999
-3.00210953,0.55743027,0.00000000,0.000978,0.000978,0.999999
2.62172413,4.72454548,0.00000000,0.000978,0.000978,0.999999
-2.34137154,4.00179243,0.00000000,0.000978,0.000978,0.999999
-3.54508734,2.15337038,0.00000000,0.000978,0.000978,0.999999
4.36505413,4.43317842,0.00000000,0.000978,0.000978,0.999999
-4.72092152,2.41331053,0.00000000,0.000978,0.000978,0.999999
0.28246927,2.00208664,0.00000000,0.000978,0.000978,0.999999
-4.04006767,4.44739628,0.00000000,0.000978,0.000978,0.999999
-1.24159718,1.01198006,0.00000000,0.000978,0.000978,0.999999
-4.26251936,3.30765915,0.00000000,0.000978,0.000978,0.999999
-2.49196863,-2.09788561,0.00000000,0.000978,0.000978,0.999999
1.70493984,1.86146092,0.00000000,0.000978,0.000978,0.999999
-3.08689642,-0.33680201,0.00000000,0.000978,0.000978,0.999999
-4.52304125,-1.55895257,0.00000000,0.000978,0.000978,0.999999
-2.89989185,0.02761674,0.00000000,0.000978,0.000978,0.999999
-1.76575899,-0.41690588,0.00000000,0.000978,0.000978,0.999999
-1.54933882,2.82686472,0.00000000,0.000978,0.000978,0.999999
-4.94057369,-1.73325276,0.00000000,0.000978,0.000978,0.999999
-4.15383387,3.88842630,0.00000000,0.000978,0.000978,0.999999
-3.23221445,-0.11535645,0.00000000,0.000978,0.000978,0.999999
0.28726625,1.28175271,0.00000000,0.000978,0.000978,0.999999
-3.62989998,2.22678089,0.00000000,0.000978,0.000978,0.999999
-1.49956608,1.60432148,0.00000000,0.000978,0.000978,0.999999
-0.52632093,4.55213308,0.00000000,0.000978,0.000978,0.999999
-4.96484137,0.03084612,0.00000000,0.000978,0.000978,0.999999
-3.17425299,2.52958822,0.00000000,0.000978,0.000978,0.999999
-2.73748398,3.32034349,0.00000000,0.000978,0.000978,0.999999
-4.99001360,-2.62592959,0.00000000,0.000978,0.000978,0.999999
-4.98521996,1.26256227,0.00000000,0.000978,0.000978,0.999999
-1.62337971,0.77188754,0.00000000,0.000978,0.000978,0.999999
0.20106697,1.24804282,0.00000000,0.000978,0.000978,0.999999
-1.25352740,0.96078110,0.00000000,0.000978,0.000978,0.999999
-3.14086437,-2.68948793,0.00000000,0.000978,0.000978,0.999999
-0.67191792,0.59924233,0.00000000,0.000978,0.000978,0.999999
4.19985390,4.68344879,0.00000000,0.000978,0.000978,0.999999
-0.66700363,-0.23632371,0.00000000,0.000978,0.000978,0.999999
-0.39223099,1.64503694,0.00000000,0.000978,0.000978,0.999999
-4.00443459,-2.12044334,0.00000000,0.000978,0.000978,0.999999
-4.92898130,-3.37126136,0.00000000,0.000978,0.000978,0.999999
-3.02272415,3.66037989,0.00000000,0.000978,0.000978,0.999999
-4.76899529,-4.18357182,0.00000000,0.000978,0.000978,0.999999
-2.69239950,2.06818104,0.00000000,0.000978,0.000978,0.999999
-1.93342400,1.31118703,0.00000000,0.000978,0.000978,0.999999
-1.27349496,-0.47700262,0.00000000,0.000978,0.000978,0.999999
-4.77844381,2.46113586,0.00000000,0.000978,0.000978,0.999999
1.95910406,2.11506701,0.00000000,0.000978,0.000978,0.999999
-3.52484846,-3.44901061,0.00000000,0.000978,0.000978,0.999999
-0.62512350,-0.61323422,0.00000000,0.000978,0.000978,0.999999
-3.33951831,4.85099792,0.00000000,0.000978,0.000978,0.999999
1.90454578,4.95399809,0.00000000,0.000978,0.000978,0.999999
-2.90873194,-0.01342416,0.00000000,0.000978,0.000978,0.999999
-2.92894936,2.42369175,0.00000000,0.000978,0.000978,0.999999
0.51848888,2.88954806,0.00000000,0.000978,0.000978,0.999999
-4.83349848,4.30071783,0.00000000,0.000978,0.000978,0.999999
-4.97911453,-1.16274381,0.00000000,0.000978,0.000978,0.999999
-3.61036730,4.17152262,0.00000000,0.000978,0.000978,0.999999
3.32639217,4.72770166,0.00000000,0.000978,0.000978,0.999999
-3.79224277,1.30135131,0.00000000,0.000978,0.000978,0.999999
-4.96669674,4.03041649,0.00000000,0.000978,0.000978,0.999999
3.10418415,4.95755482,0.00000000,0.000978,0.000978,0.999999
-4.80354500,4.06191444,0.00000000,0.000978,0.000978,0.999999
-1.69403028,0.73591566,0.00000000,0.000978,0.000978,0.999999
-2.48331642,2.61754608,0.00000000,0.000978,0.000978,0.999999
-3.30892277,-0.72995949,0.00000000,0.000978,0.000978,0.999999
0.56843710,3.64594769,0.00000000,0.000978,0.000978,0.999999
-3.70994282,-1.48549652,0.00000000,0.000978,0.000978,0.999999
-4.09593010,2.39346123,0.00000000,0.000978,0.000978,0.999999
-1.49586105,1.91627264,0.00000000,0.000978,0.000978,0.999999
-0.05643940,1.81517732,0.00000000,0.000978,0.000978,0.999999
1.16335583,3.96824908,0.00000000,0.000978,0.000978,0.999999
-1.59398341,-1.05754185,0.00000000,0.000978,0.000978,0.999999
0.52551937,2.77031565,0.00000000,0.000978,0.000978,0.999999
-0.83133650,4.58814621,0.00000000,0.000978,0.000978,0.999999
-3.43375587,-0.80568576,0.00000000,0.000978,0.000978,0.999999
-3.65679145,-0.81317639,0.00000000,0.000978,0.000978,0.999999
-4.68577480,-3.36700869,0.00000000,0.000978,0.000978,0.999999
-2.19619703,4.62292719,0.00000000,0.000978,0.000978,0.999999
-4.39144850,-1.30371451,0.00000000,0.000978,0.000978,0.999999
2.32470322,4.35268688,0.00000000,0.000978,0.000978,0.999999
1.29978609,4.73403931,0.00000000,0.000978,0.000978,0.999999
1.15556240,3.78674173,0.00000000,0.000978,0.000978,0.999999
-0.55742788,4.31111336,0.00000000,0.000978,0.000978,0.999999
-3.39768910,4.73570824,0.00000000,0.000978,0.000978,0.999999
0.34375906,2.65916395,0.00000000,0.000978,0.000978,0.999999
-4.44968462,-3.20244837,0.00000000,0.000978,0.000978,0.999999
-2.50032902,0.06183004,0.00000000,0.000978,0.000978,0.999999
-2.81497049,-1.54743898,0.00000000,0.000978,0.000978,0.999999
0.89167547,2.12493038,0.00000000,0.000978,0.000978,0.999999
-2.15880156,0.26909804,0.00000000,0.000978,0.000978,0.999999
0.55683899,2.31688023,0.00000000,0.000978,0.000978,0.999999
-4.78044891,-4.76701927,0.00000000,0.000978,0.000978,0.999999
-4.81202745,3.94224501,0.00000000,0.000978,0.000978,0.999999
-1.81640768,0.35792446,0.00000000,0.000978,0.000978,0.999999
-2.55262923,-0.44877195,0.00000000,0.000978,0.000978,0.999999
1.15172338,2.16126847,0.00000000,0.000978,0.000978,0.999999
-3.62510562,1.01107144,0.00000000,0.000978,0.000978,0.999999
-4.81294012,-3.40698195,0.00000000,0.000978,0.000978,0.999999
-4.60053158,3.23371696,0.00000000,0.000978,0.000978,0.999999
4.07193756,4.21850014,0.00000000,0.000978,0.000978,0.999999
1.43170738,3.88467598,0.00000000,0.000978,0.000978,0.999999
1.11896420,2.26170993,0.00000000,0.000978,0.000978,0.999999
3.09183788,4.48991346,0.00000000,0.000978,0.000978,0.999999
4.88756943,-4.05944157,0.00000000,0.000978,0.000978,0.999999
3.69931388,-1.23106599,0.00000000,0.000978,0.000978,0.999999
3.36292171,1.03301573,0.00000000,0.000978,0.000978,0.999999
3.19024396,1.00849438,0.00000000,0.000978,0.000978,0.999999
1.86968231,0.85378265,0.00000000,0.000978,0.000978,0.999999
0.53866792,-1.15904808,0.00000000,0.000978,0.000978,0.999999
1.51662636,0.62944317,0.00000000,0.000978,0.000978,0.999999
2.65595198,0.48645782,0.00000000,0.000978,0.000978,0.999999
1.37857151,0.78818703,0.00000000,0.000978,0.000978,0.999999
-1.41277552,-1.59474564,0.00000000,0.000978,0.000978,0.999999
-0.23622084,-2.79748297,0.00000000,0.000978,0.000978,0.999999
3.05625319,-2.66133857,0.00000000,0.000978,0.000978,0.999999
1.87955809,0.14447212,0.00000000,0.000978,0.000978,0.999999
4.99054718,-4.20509815,0.00000000,0.000978,0.000978,0.999999
2.71696544,-3.55428004,0.00000000,0.000978,0.000978,0.999999
3.65002704,-2.85927749,0.00000000,0.000978,0.000978,0.999999
0.52860987,-3.58372355,0.00000000,0.000978,0.000978,0.999999
1.93031919,-4.25177526,0.00000000,0.000978,0.000978,0.999999
-0.25522900,-0.81296539,0.00000000,0.000978,0.000978,0.999999
1.47922158,-4.21608162,0.00000000,0.000978,0.000978,0.999999
4.99166727,-2.03317213,0.00000000,0.000978,0.000978,0.999999
4.08054829,-1.40197277,0.00000000,0.000978,0.000978,0.999999
4.01061535,3.29870319,0.00000000,0.000978,0.000978,0.999999
4.18516827,2.49780464,0.00000000,0.000978,0.000978,0.999999
0.51866484,-1.08445454,0.00000000,0.000978,0.000978,0.999999
4.51811075,3.47103977,0.00000000,0.000978,0.000978,0.999999
1.33724928,0.33201694,0.00000000,0.000978,0.000978,0.999999
0.51302385,-0.19858885,0.00000000,0.000978,0.000978,0.999999
2.65655661,-4.78118372,0.00000000,0.000978,0.000978,0.999999
-1.21023917,-2.86516070,0.00000000,0.000978,0.000978,0.999999
1.48887086,-3.57576013,0.00000000,0.000978,0.000978,0.999999
-1.99926519,-2.56615686,0.00000000,0.000978,0.000978,0.999999
3.37213039,3.02145958,0.00000000,0.000978,0.000978,0.999999
-0.68237138,-3.56321025,0.00000000,0.000978,0.000978,0.999999
1.37163448,0.80879402,0.00000000,0.000978,0.000978,0.999999
-1.14798546,-1.49474001,0.00000000,0.000978,0.000978,0.999999
1.98732424,-4.20791388,0.00000000,0.000978,0.000978,0.999999
4.86078548,1.70204735,0.00000000,0.000978,0.000978,0.999999
4.92340231,2.44939423,0.00000000,0.000978,0.000978,0.999999
0.98738062,-3.94691372,0.00000000,0.000978,0.000978,0.999999
2.52412796,-1.81231546,0.00000000,0.000978,0.000978,0.999999
4.49349499,-2.61188126,0.00000000,0.000978,0.000978,0.999999
0.22132778,-1.85532355,0.00000000,0.000978,0.000978,0.999999
3.00265765,-2.26673722,0.00000000,0.000978,0.000978,0.999999
3.55610657,-0.97752142,0.00000000,0.000978,0.000978,0.999999
2.66086817,-3.91747141,0.00000000,0.000978,0.000978,0.999999
3.57397652,0.62755156,0.00000000,0.000978,0.000978,0.999999
4.99779844,2.46716595,0.00000000,0.000978,0.000978,0.999999
-1.84415758,-3.48754740,0.00000000,0.000978,0.000978,0.999999
-1.72214103,-2.08362365,0.00000000,0.000978,0.000978,0.999999
0.21361625,-3.91756535,0.00000000,0.000978,0.000978,0.999999
2.04036474,-2.18271208,0.00000000,0.000978,0.000978,0.999999
4.46808624,0.33215475,0.00000000,0.000978,0.000978,0.999999
0.96416122,-4.80820513,0.00000000,0.000978,0.000978,0.999999
4.13552952,0.66734600,0.00000000,0.000978,0.000978,0.999999
4.56565094,1.97236443,0.00000000,0.000978,0.000978,0.999999
4.08173990,-3.09164333,0.00000000,0.000978,0.000978,0.999999
4.05883837,2.58682442,0.00000000,0.000978,0.000978,0.999999
3.69074559,1.60133076,0.00000000,0.000978,0.000978,0.999999
3.19707680,-1.92709923,0.00000000,0.000978,0.000978,0.999999
4.71575880,-1.11664724,0.00000000,0.000978,0.000978,0.999999
-1.31704640,-3.27023721,0.00000000,0.000978,0.000978,0.999999
3.03096867,-2.86145163,0.00000000,0.000978,0.000978,0.999999
1.25594258,-3.32448697,0.00000000,0.000978,0.000978,0.999999
0.71018219,0.70446444,0.00000000,0.000978,0.000978,0.999999
4.27684021,-1.73898435,0.00000000,0.000978,0.000978,0.999999
2.64392757,-1.82933712,0.00000000,0.000978,0.000978,0.999999
2.96819806,-1.02623320,0.00000000,0.000978,0.000978,0.999999
0.24569738,-3.43153286,0.00000000,0.000978,0.000978,0.999999
1.40230083,1.25821590,0.00000000,0.000978,0.000978,0.999999
4.83588219,2.43381977,0.00000000,0.000978,0.000978,0.999999
1.88893425,-3.79388809,0.00000000,0.000978,0.000978,0.999999
2.06944656,-2.32537270,0.00000000,0.000978,0.000978,0.999999
4.94776869,0.56162405,0.00000000,0.000978,0.000978,0.999999
4.93610096,-4.72977161,0.00000000,0.000978,0.000978,0.999999
-1.47240710,-4.32485390,0.00000000,0.000978,0.000978,0.999999
1.79735255,-0.89907360,0.00000000,0.000978,0.000978,0.999999
0.07171512,-1.49554515,0.00000000,0.000978,0.000978,0.999999
3.27971315,-0.11272144,0.00000000,0.000978,0.000978,0.999999
3.49913764,0.90841246,0.00000000,0.000978,0.000978,0.999999
-0.92703152,-3.03587341,0.00000000,0.000978,0.000978,0.999999
4.86961126,0.76857853,0.00000000,0.000978,0.000978,0.999999
4.81596947,-2.39554620,0.00000000,0.000978,0.000978,0.999999
1.28042006,-0.90631056,0.00000000,0.000978,0.000978,0.999999
3.31018376,-0.24181080,0.00000000,0.000978,0.000978,0.999999
3.28164220,-4.75840330,0.00000000,0.000978,0.000978,0.999999
4.97146606,4.52826118,0.00000000,0.000978,0.000978,0.999999
4.86287785,0.81940079,0.00000000,0.000978,0.000978,0.999999
-3.98481083,-4.39571571,0.00000000,0.000978,0.000978,0.999999
1.69249582,-1.44328690,0.00000000,0.000978,0.000978,0.999999
4.21386290,-1.32278919,0.00000000,0.000978,0.000978,0.999999
2.00190258,1.86297798,0.00000000,0.000978,0.000978,0.999999
0.85251212,-2.91754746,0.00000000,0.000978,0.000978,0.999999
3.21328354,-1.00226498,0.00000000,0.000978,0.000978,0.999999
-1.01065207,-1.65795565,0.00000000,0.000978,0.000978,0.999999
4.33348846,-3.96667457,0.00000000,0.000978,0.000978,0.999999
-1.98392439,-3.11911511,0.00000000,0.000978,0.000978,0.999999
1.97578001,1.61535788,0.00000000,0.000978,0.000978,0.999999
3.53700209,0.28270197,0.00000000,0.000978,0.000978,0.999999
4.30122614,3.01869202,0.00000000,0.000978,0.000978,0.999999
2.62448692,-3.14354897,0.00000000,0.000978,0.000978,0.999999
2.60979581,-1.49634719,0.00000000,0.000978,0.000978,0.999999
2.60641575,0.50213528,0.00000000,0.000978,0.000978,0.999999
-0.43914485,-2.68550873,0.00000000,0.000978,0.000978,0.999999
-0.11276358,-4.43176365,0.00000000,0.000978,0.000978,0.999999
3.10297251,-2.77365637,0.00000000,0.000978,0.000978,0.999999
-0.24591398,-0.31160927,0.00000000,0.000978,0.000978,0.999999
-0.97450066,-2.01847506,0.00000000,0.000978,0.000978,0.999999
2.32886100,-1.22360086,0.00000000,0.000978,0.000978,0.999999
4.23503780,-3.85632157,0.00000000,0.000978,0.000978,0.999999
2.22387552,-3.45713758,0.00000000,0.000978,0.000978,0.999999
-2.08331513,-3.02663922,0.00000000,0.000978,0.000978,0.999999
0.57248229,-4.99547005,0.00000000,0.000978,0.000978,0.999999
1.94384933,-2.43060803,0.00000000,0.000978,0.000978,0.999999
2.61549354,-3.58532500,0.00000000,0.000978,0.000978,0.999999
-1.23512959,-4.08877707,0.00000000,0.000978,0.000978,0.999999
2.34144640,2.12017107,0.00000000,0.000978,0.000978,0.999999
2.70873070,-0.08700514,0.00000000,0.000978,0.000978,0.999999
2.62700486,-0.74195910,0.00000000,0.000978,0.000978,0.999999
0.69034004,0.62767267,0.00000000,0.000978,0.000978,0.999999
1.00470829,-1.82215595,0.00000000,0.000978,0.000978,0.999999
0.67047274,-3.75534964,0.00000000,0.000978,0.000978,0.999999
-2.45690370,-3.76314521,0.00000000,0.000978,0.000978,0.999999
-1.51041031,-1.83704185,0.00000000,0.000978,0.000978,0.999999
0.46291304,0.28359842,0.00000000,0.000978,0.000978,0.999999
3.98655891,2.61620045,0.00000000,0.000978,0.000978,0.999999
1.79259300,0.24874878,0.00000000,0.000978,0.000978,0.999999
3.06697941,1.71584606,0.00000000,0.000978,0.000978,0.999999
2.71870136,-3.99601746,0.00000000,0.000978,0.000978,0.999999
3.45078874,0.09232330,0.00000000,0.000978,0.000978,0.999999
2.16331434,1.43722248,0.00000000,0.000978,0.000978,0.999999
0.11090088,-0.38822269,0.00000000,0.000978,0.000978,0.999999
3.26152325,2.14489746,0.00000000,0.000978,0.000978,0.999999
-0.40437007,-3.01142502,0.00000000,0.000978,0.000978,0.999999
1.30727315,-1.97601819,0.00000000,0.000978,0.000978,0.999999
2.59978318,0.45205879,0.00000000,0.000978,0.000978,0.999999
4.11177349,-1.99654579,0.00000000,0.000978,0.000978,0.999999
4.34636688,-2.32282424,0.00000000,0.000978,0.000978,0.999999
-1.15255427,-2.04587197,0.00000000,0.000978,0.000978,0.999999
1.38341331,-3.42464781,0.00000000,0.000978,0.000978,0.999999
2.01879692,-2.69815111,0.00000000,0.000978,0.000978,0.999999
-0.75077486,-0.89814281,0.00000000,0.000978,0.000978,0.999999
-2.22900724,-3.79059076,0.00000000,0.000978,0.000978,0.999999
-2.61781263,-4.35273123,0.00000000,0.000978,0.000978,0.999999
-1.53185487,-2.86370683,0.00000000,0.000978,0.000978,0.999999
0.28128797,-4.41237545,0.00000000,0.000978,0.000978,0.999999
3.61553431,3.39618301,0.00000000,0.000978,0.000978,0.999999
3.62644625,-3.21517420,0.00000000,0.000978,0.000978,0.999999
-2.89446878,-4.24438381,0.00000000,0.000978,0.000978,0.999999
2.70829010,-1.62598228,0.00000000,0.000978,0.000978,0.999999
2.88254023,-1.89307880,0.00000000,0.000978,0.000978,0.999999
0.13432944,-4.72432756,0.00000000,0.000978,0.000978,0.999999
1.99944353,-0.49185658,0.00000000,0.000978,0.000978,0.999999
4.41272831,-4.60595226,0.00000000,0.000978,0.000978,0.999999
-3.59307075,-4.74286270,0.00000000,0.000978,0.000978,0.999999
2.08820629,-2.56615257,0.00000000,0.000978,0.000978,0.999999
4.24079370,-1.00549078,0.00000000,0.000978,0.000978,0.999999
1.10238552,-2.40682173,0.00000000,0.000978,0.000978,0.999999
-1.04723120,-2.52927589,0.00000000,0.000978,0.000978,0.999999
3.65003347,-4.21875954,0.00000000,0.000978,0.000978,0.999999
1.53867483,-2.29780674,0.00000000,0.000978,0.000978,0.999999
0.93906021,-2.74906445,0.00000000,0.000978,0.000978,0.999999
1.69126701,-3.30078125,0.00000000,0.000978,0.000978,0.999999
0.98420048,-1.27524400,0.00000000,0.000978,0.000978,0.999999
4.18838358,4.12623024,0.00000000,0.000978,0.000978,0.999999
4.78025866,-3.93930769,0.00000000,0.000978,0.000978,0.999999
-0.35602081,-3.89959526,0.00000000,0.000978,0.000978,0.999999
2.06284952,-2.77458668,0.00000000,0.000978,0.000978,0.999999
1.45804739,-3.70615149,0.00000000,0.000978,0.000978,0.999999
2.95696688,1.57624674,0.00000000,0.000978,0.000978,0.999999
-0.82940364,-1.99990940,0.00000000,0.000978,0.000978,0.999999
1.31476593,-2.55411792,0.00000000,0.000978,0.000978,0.999999
0.22091126,-1.89395475,0.00000000,0.000978,0.000978,0.999999
4.87925673,-0.37291622,0.00000000,0.000978,0.000978,0.999999
-1.52852106,-2.44890785,0.00000000,0.000978,0.000978,0.999999
2.39162111,-1.42798877,0.00000000,0.000978,0.000978,0.999999
1.44486082,-3.19563627,0.00000000,0.000978,0.000978,0.999999
-0.58256948,-4.61049700,0.00000000,0.000978,0.000978,0.999999
4.31966543,0.35683918,0.00000000,0.000978,0.000978,0.999999
1.75246477,1.33403015,0.00000000,0.000978,0.000978,0.999999
2.12378263,-3.56156301,0.00000000,0.000978,0.000978,0.999999
0.07199907,-0.23052835,0.00000000,0.000978,0.000978,0.999999
3.05265403,-2.82142615,0.00000000,0.000978,0.000978,0.999999
-2.34669185,-2.95072818,0.00000000,0.000978,0.000978,0.999999
-3.88338876,-4.81478930,0.00000000,0.000978,0.000978,0.999999
0.96752691,0.69414425,0.00000000,0.000978,0.000978,0.999999
4.80952978,-2.30843067,0.00000000,0.000978,0.000978,0.999999
4.60484838,-4.60322237,0.00000000,0.000978,0.000978,0.999999
3.07946849,-4.71691465,0.00000000,0.000978,0.000978,0.999999
1.75651407,-0.40082359,0.00000000,0.000978,0.000978,0.999999
0.46036482,-0.20263767,0.00000000,0.000978,0.000978,0.999999
-2.96737242,-4.46054935,0.00000000,0.000978,0.000978,0.999999
-1.58429360,-4.10907745,0.00000000,0.000978,0.000978,0.999999
4.29701900,2.51040173,0.00000000,0.000978,0.000978,0.999999
-0.70090449,-4.89197969,0.00000000,0.000978,0.000978,0.999999
-3.99187160,-4.12629795,0.00000000,0.000978,0.000978,0.999999
0.39496064,-2.14650965,0.00000000,0.000978,0.000978,0.999999
3.92165375,-2.02482891,0.00000000,0.000978,0.000978,0.999999
-2.61496878,-3.91069078,0.00000000,0.000978,0.000978,0.999999
-3.58587313,-4.21661329,0.00000000,0.000978,0.000978,0.999999
4.79265118,-4.17211723,0.00000000,0.000978,0.000978,0.999999
4.97406864,-4.77597332,0.00000000,0.000978,0.000978,0.999999
4.96029520,-2.92967749,0.00000000,0.000978,0.000978,0.999999
4.88474274,0.43224573,0.00000000,0.000978,0.000978,0.999999
3.14173985,1.73103094,0.00000000,0.000978,0.000978,0.999999
0.37933278,-2.69290066,0.00000000,0.000978,0.000978,0.999999
2.95993090,-2.96492624,0.00000000,0.000978,0.000978,0.999999
4.61954021,4.52996349,0.00000000,0.000978,0.000978,0.999999
2.06186128,-1.48733902,0.00000000,0.000978,0.000978,0.999999
0.44045734,-4.08741951,0.00000000,0.000978,0.000978,0.999999
-0.93012214,-3.61331344,0.00000000,0.000978,0.000978,0.999999
-1.41710806,-1.47232962,0.00000000,0.000978,0.000978,0.999999
0.49948168,-1.93945980,0.00000000,0.000978,0.000978,0.999999
-0.49662495,-1.00190210,0.00000000,0.000978,0.000978,0.999999
-0.93471265,-1.96539521,0.00000000,0.000978,0.000978,0.999999
4.29296875,-3.81614399,0.00000000,0.000978,0.000978,0.999999
4.43068409,1.03898954,0.00000000,0.000978,0.000978,0.999999
-0.29348612,-1.22128868,0.00000000,0.000978,0.000978,0.999999
1.32348728,-4.89116478,0.00000000,0.000978,0.000978,0.999999
-2.47648764,-4.27402210,0.00000000,0.000978,0.000978,0.999999
0.49379456,-4.28924131,0.00000000,0.000978,0.000978,0.999999
3.11327171,3.09621906,0.00000000,0.000978,0.000978,0.999999
4.16989040,2.27924538,0.00000000,0.000978,0.000978,0.999999
-1.00638175,-2.75868034,0.00000000,0.000978,0.000978,0.999999
3.75209403,-4.92028427,0.00000000,0.000978,0.000978,0.999999
-0.47266388,-1.77162361,0.00000000,0.000978,0.000978,0.999999
-2.62723231,-3.05335641,0.00000000,0.000978,0.000978,0.999999
1.74020672,0.43352604,0.00000000,0.000978,0.000978,0.999999
0.99781179,0.54365826,0.00000000,0.000978,0.000978,0.999999
1.95128179,-4.45037222,0.00000000,0.000978,0.000978,0.999999
3.08350229,2.49364424,0.00000000,0.000978,0.000978,0.999999
4.74764967,2.89663887,0.00000000,0.000978,0.000978,0.999999
0.29360551,-4.08465290,0.00000000,0.000978,0.000978,0.999999
3.32138681,2.15742302,0.00000000,0.000978,0.000978,0.999999
1.13845515,-3.19443393,0.00000000,0.000978,0.000978,0.999999
0.49983358,-1.09207606,0.00000000,0.000978,0.000978,0.999999
4.27136707,1.70949554,0.00000000,0.000978,0.000978,0.999999
4.08186245,-1.86685753,0.00000000,0.000978,0.000978,0.999999
0.90866387,-3.23981476,0.00000000,0.000978,0.000978,0.999999
4.62035370,-2.71235991,0.00000000,0.000978,0.000978,0.999999
1.07072544,-0.58459091,0.00000000,0.000978,0.000978,0.999999
3.50911617,-1.31728363,0.00000000,0.000978,0.000978,0.999999
4.24445868,3.47853756,0.00000000,0.000978,0.000978,0.999999
1.23898363,-1.97756577,0.00000000,0.000978,0.000978,0.999999
2.81924915,2.16285133,0.00000000,0.000978,0.000978,0.999999
0.89128947,-0.72575760,0.00000000,0.000978,0.000978,0.999999
-2.40325594,-3.56145763,0.00000000,0.000978,0.000978,0.999999
3.04970169,3.02064705,0.00000000,0.000978,0.000978,0.999999
2.82317758,0.41692734,0.00000000,0.000978,0.000978,0.999999
4.47779369,3.30216408,0.00000000,0.000978,0.000978,0.999999
-0.43437564,-4.50207996,0.00000000,0.000978,0.000978,0.999999
0.24333715,-1.89135075,0.00000000,0.000978,0.000978,0.999999
3.33829713,-4.97358894,0.00000000,0.000978,0.000978,0.999999
4.01510143,2.72114229,0.00000000,0.000978,0.000978,0.999999
3.15799785,0.43032694,0.00000000,0.000978,0.000978,0.999999
4.50908947,-2.45655322,0.00000000,0.000978,0.000978,0.999999
3.62743473,-3.73133135,0.00000000,0.000978,0.000978,0.999999
2.40725112,-4.62434721,0.00000000,0.000978,0.000978,0.999999
4.93757677,4.40399265,0.00000000,0.000978,0.000978,0.999999
3.31367469,-0.20988607,0.00000000,0.000978,0.000978,0.999999
0.68995118,-2.38607049,0.00000000,0.000978,0.000978,0.999999
2.04517055,-4.95330095,0.00000000,0.000978,0.000978,0.999999
4.51323605,-2.54024005,0.00000000,0.000978,0.000978,0.999999
-0.64972544,-0.66015005,0.00000000,0.000978,0.000978,0.999999
-2.15269899,-3.86722898,0.00000000,0.000978,0.000978,0.999999
4.88272476,1.42620516,0.00000000,0.000978,0.000978,0.999999
0.82624435,-0.30642128,0.00000000,0.000978,0.000978,0.999999
4.87704754,-4.63820362,0.00000000,0.000978,0.000978,0.999999
0.94305825,-1.52179337,0.00000000,0.000978,0.000978,0.999999
1.51972365,-2.90225053,0.00000000,0.000978,0.000978,0.999999
-0.33467257,-3.51936436,0.00000000,0.000978,0.000978,0.999999
4.99509907,-0.63295174,0.00000000,0.000978,0.000978,0.999999
1.24897611,-3.24781656,0.00000000,0.000978,0.000978,0.999999
1.07928145,-3.54502153,0.00000000,0.000978,0.000978,0.999999
0.70593363,-4.35965252,0.00000000,0.000978,0.000978,0.999999
1.05210793,-4.38445616,0.00000000,0.000978,0.000978,0.999999
-2.41202497,-4.11808681,0.00000000,0.000978,0.000978,0.999999
-0.47889113,-1.27373338,0.00000000,0.000978,0.000978,0.999999
0.98178530,-0.03514242,0.00000000,0.000978,0.000978,0.999999
1.33169842,0.54223728,0.00000000,0.000978,0.000978,0.999999
4.98314381,4.78142166,0.00000000,0.000978,0.000978,0.999999
2.84919810,0.07833672,0.00000000,0.000978,0.000978,0.999999
-1.55278444,-2.38718319,0.00000000,0.000978,0.000978,0.999999
2.18485594,-1.65889049,0.00000000,0.000978,0.000978,0.999999
4.31441736,-0.28564930,0.00000000,0.000978,0.000978,0.999999
4.33156776,2.95265770,0.00000000,0.000978,0.000978,0.999999
-0.66737843,-4.62747574,0.00000000,0.000978,0.000978,0.999999
-2.93144250,-4.62302637,0.00000000,0.000978,0.000978,0.999999
0.82088709,-2.44551659,0.00000000,0.000978,0.000978,0.999999
4.38656330,3.40832233,0.00000000,0.000978,0.000978,0.999999
-1.45211506,-1.47336197,0.00000000,0.000978,0.000978,0.999999
4.52822018,-1.07601070,0.00000000,0.000978,0.000978,0.999999
3.54514241,-3.25614572,0.00000000,0.000978,0.000978,0.999999
3.62907219,-0.81027794,0.00000000,0.000978,0.000978,0.999999
2.90621519,-4.04840946,0.00000000,0.000978,0.000978,0.999999
4.78921413,1.93410444,0.00000000,0.000978,0.000978,0.999999
4.93490314,3.40057945,0.00000000,0.000978,0.000978,0.999999
2.72488904,-1.66258550,0.00000000,0.000978,0.000978,0.999999
2.58988857,2.35508204,0.00000000,0.000978,0.000978,0.999999
2.82006335,-3.04691195,0.00000000,0.000978,0.000978,0.999999
2.21316242,-3.82979012,0.00000000,0.000978,0.000978,0.999999
-1.70175314,-1.81645775,0.00000000,0.000978,0.000978,0.999999
3.49841547,0.27544498,0.00000000,0.000978,0.000978,0.999999
2.09487963,-0.83389807,0.00000000,0.000978,0.000978,0.999999
0.74445415,-1.21148133,0.00000000,0.000978,0.000978,0.999999
2.36570692,2.11709976,0.00000000,0.000978,0.000978,0.999999
-4.39860153,-4.52624035,0.00000000,0.000978,0.000978,0.999999
-0.00169873,-1.12592959,0.00000000,0.000978,0.000978,0.999999
-1.16035199,-2.91184521,0.00000000,0.000978,0.000978,0.999999
1.36110330,-2.12247252,0.00000000,0.000978,0.000978,0.999999
2.86855102,-1.61548162,0.00000000,0.000978,0.000978,0.999999
4.29465151,-4.97776175,0.00000000,0.000978,0.000978,0.999999
4.88373232,-3.07109690,0.00000000,0.000978,0.000978,0.999999
2.83654118,-3.07392931,0.00000000,0.000978,0.000978,0.999999
1.78345203,0.96460247,0.00000000,0.000978,0.000978,0.999999
4.46072102,2.93010283,0.00000000,0.000978,0.000978,0.999999
3.66172266,3.33706760,0.00000000,0.000978,0.000978,0.999999
3.85240102,-1.51545548,0.00000000,0.000978,0.000978,0.999999
4.77449465,-4.23262739,0.00000000,0.000978,0.000978,0.999999
0.58876324,0.18607378,0.00000000,0.000978,0.000978,0.999999
4.97310877,0.93554926,0.00000000,0.000978,0.000978,0.999999
4.54379606,-4.88991308,0.00000000,0.000978,0.000978,0.999999
2.70415711,-0.63498211,0.00000000,0.000978,0.000978,0.999999
-1.88110161,-4.86228895,0.00000000,0.000978,0.000978,0.999999
4.78775597,4.12076855,0.00000000,0.000978,0.000978,0.999999
0.41170835,-0.12896061,0.00000000,0.000978,0.000978,0.999999
-2.81169510,-4.25494576,0.00000000,0.000978,0.000978,0.999999
-3.04723907,-4.07817936,0.00000000,0.000978,0.000978,0.999999
-1.24773502,-2.46592999,0.00000000,0.000978,0.000978,0.999999
-0.12480783,-0.17864084,0.00000000,0.000978,0.000978,0.999999
0.68749917,-3.92476797,0.00000000,0.000978,0.000978,0.999999
1.24661350,-2.13890910,0.00000000,0.000978,0.000978,0.999999
1.64220297,-3.17255497,0.00000000,0.000978,0.000978,0.999999
3.31647086,-3.84642196,0.00000000,0.000978,0.000978,0.999999
0.95219874,-0.46881056,0.00000000,0.000978,0.000978,0.999999
3.86025429,-4.87926102,0.00000000,0.000978,0.000978,0.999999
3.40975094,2.59966087,0.00000000,0.000978,0.000978,0.999999
0.60145044,-1.86006188,0.00000000,0.000978,0.000978,0.999999
2.28323174,0.62189341,0.00000000,0.000978,0.000978,0.999999
-1.38300753,-4.04947758,0.00000000,0.000978,0.000978,0.999999
4.19520760,-4.57336807,0.00000000,0.000978,0.000978,0.999999
1.27932525,-4.31003380,0.00000000,0.000978,0.000978,0.999999
0.35852909,-2.35444975,0.00000000,0.000978,0.000978,0.999999
3.14212227,1.28276396,0.00000000,0.000978,0.000978,0.999999
2.24157071,-1.45674729,0.00000000,0.000978,0.000978,0.999999
4.05921793,0.98733139,0.00000000,0.000978,0.000978,0.999999
3.92491388,-0.68086863,0.00000000,0.000978,0.000978,0.999999
0.70761085,-3.98465133,0.00000000,0.000978,0.000978,0.999999
2.38759446,-1.65034080,0.00000000,0.000978,0.000978,0.999999
4.74880791,-3.39256668,0.00000000,0.000978,0.000978,0.999999
0.00405002,-2.23777509,0.00000000,0.000978,0.000978,0.999999
-0.93718070,-4.80556679,0.00000000,0.000978,0.000978,0.999999
-0.11609316,-0.99792624,0.00000000,0.000978,0.000978,0.999999
2.51906586,1.02237129,0.00000000,0.000978,0.000978,0.999999
-2.82682276,-3.56280565,0.00000000,0.000978,0.000978,0.999999
-1.50023270,-1.60469437,0.00000000,0.000978,0.000978,0.999999
3.56428623,-2.41473484,0.00000000,0.000978,0.000978,0.999999
-2.09925461,-4.20947409,0.00000000,0.000978,0.000978,0.999999
4.53628731,0.97857237,0.00000000,0.000978,0.000978,0.999999
-0.66637301,-3.59062171,0.00000000,0.000978,0.000978,0.999999
3.83370256,0.57437515,0.00000000,0.000978,0.000978,0.999999
2.66751099,0.91261482,0.00000000,0.000978,0.000978,0.999999
3.26397324,2.18780136,0.00000000,0.000978,0.000978,0.999999
3.71133089,2.01830864,0.00000000,0.000978,0.000978,0.999999
3.67505503,2.56741905,0.00000000,0.000978,0.000978,0.999999
4.59628010,1.15824127,0.00000000,0.000978,0.000978,0.999999
-0.70559549,-4.09317446,0.00000000,0.000978,0.000978,0.999999
0.14312196,-2.12159204,0.00000000,0.000978,0.000978,0.999999
1.32488346,-0.82784367,0.00000000,0.000978,0.000978,0.999999
-0.96232772,-4.44365883,0.00000000,0.000978,0.000978,0.999999
0.35758328,-3.41294241,0.00000000,0.000978,0.000978,0.999999
1.57628345,-1.44277906,0.00000000,0.000978,0.000978,0.999999
-3.27388954,-3.57978392,0.00000000,0.000978,0.000978,0.999999
-2.43912077,-3.68305159,0.00000000,0.000978,0.000978,0.999999
1.60453892,0.10508823,0.00000000,0.000978,0.000978,0.999999
3.90189314,-0.44162273,0.00000000,0.000978,0.000978,0.999999
2.13851023,-3.77153873,0.00000000,0.000978,0.000978,0.999999
1.93961716,0.22277594,0.00000000,0.000978,0.000978,0.999999
-2.61967182,-3.93086481,0.00000000,0.000978,0.000978,0.999999
-1.96555734,-2.91615462,0.00000000,0.000978,0.000978,0.999999
4.67985535,-4.45765877,0.00000000,0.000978,0.000978,0.999999
-0.50224030,-4.82306433,0.00000000,0.000978,0.000978,0.999999
4.10948896,3.27576447,0.00000000,0.000978,0.000978,0.999999
4.22969723,-1.63879418,0.00000000,0.000978,0.000978,0.999999
3.54305482,-2.49300981,0.00000000,0.000978,0.000978,0.999999
3.30157423,-4.49985123,0.00000000,0.000978,0.000978,0.999999
-1.39716458,-1.71585059,0.00000000,0.000978,0.000978,0.999999
4.77578402,-2.03409386,0.00000000,0.000978,0.000978,0.999999
-3.38631034,-3.98984027,0.00000000,0.000978,0.000978,0.999999
1.76578438,-4.72737312,0.00000000,0.000978,0.000978,0.999999
-0.85241771,-2.85112643,0.00000000,0.000978,0.000978,0.999999
-1.85259187,-3.72107267,0.00000000,0.000978,0.000978,0.999999
-2.69880342,-3.94866133,0.00000000,0.000978,0.000978,0.999999
4.73176765,0.90674686,0.00000000,0.000978,0.000978,0.999999
1.11186433,-3.99909616,0.00000000,0.000978,0.000978,0.999999
4.19633961,3.14886284,0.00000000,0.000978,0.000978,0.999999
-3.41520095,-4.22571850,0.00000000,0.000978,0.000978,0.999999
0.78285360,-4.24102736,0.00000000,0.000978,0.000978,0.999999
-1.00112176,-1.90640712,0.00000000,0.000978,0.000978,0.999999
4.84544420,-3.51254702,0.00000000,0.000978,0.000978,0.999999
4.88699818,-3.79445362,0.00000000,0.000978,0.000978,0.999999
-0.36073971,-3.11479831,0.00000000,0.000978,0.000978,0.999999
4.62241840,4.08362579,0.00000000,0.000978,0.000978,0.999999
1.77485895,-1.15702868,0.00000000,0.000978,0.000978,0.999999
4.57176590,-0.20410967,0.00000000,0.000978,0.000978,0.999999
-0.43106696,-4.52700663,0.00000000,0.000978,0.000978,0.999999
2.43612790,-1.56618619,0.00000000,0.000978,0.000978,0.999999
2.88401151,-1.29647851,0.00000000,0.000978,0.000978,0.999999
1.69523478,-2.22261429,0.00000000,0.000978,0.000978,0.999999
1.65170527,1.22734165,0.00000000,0.000978,0.000978,0.999999
1.67771327,-3.48159885,0.00000000,0.000978,0.000978,0.999999
-2.74012685,-4.39790344,0.00000000,0.000978,0.000978,0.999999
0.46931410,-0.07985497,0.00000000,0.000978,0.000978,0.999999
4.47953272,-0.32152081,0.00000000,0.000978,0.000978,0.999999
1.57453322,-0.96747351,0.00000000,0.000978,0.000978,0.999999
-0.70363760,-1.90853977,0.00000000,0.000978,0.000978,0.999999
3.88396502,-0.13470078,0.00000000,0.000978,0.000978,0.999999
3.70986605,-3.32521200,0.00000000,0.000978,0.000978,0.999999
3.78117275,-4.04225636,0.00000000,0.000978,0.000978,0.999999
0.47433805,-1.87152362,0.00000000,0.000978,0.000978,0.999999
3.68275785,1.49388742,0.00000000,0.000978,0.000978,0.999999
-0.20609236,-2.75008178,0.00000000,0.000978,0.000978,0.999999
1.77059984,-1.25048184,0.00000000,0.000978,0.000978,0.999999
-0.59910274,-4.28245640,0.00000000,0.000978,0.000978,0.999999
2.62227416,-2.94531083,0.00000000,0.000978,0.000978,0.999999
-2.53016973,-3.21786046,0.00000000,0.000978,0.000978,0.999999
0.06466937,-2.94233847,0.00000000,0.000978,0.000978,0.999999
-3.64686632,-3.99774361,0.00000000,0.000978,0.000978,0.999999
3.71386433,2.47658682,0.00000000,0.000978,0.000978,0.999999
4.40610838,-2.88922739,0.00000000,0.000978,0.000978,0.999999
-0.70451641,-1.82642102,0.00000000,0.000978,0.000978,0.999999
1.36849737,-1.98190475,0.00000000,0.000978,0.000978,0.999999
1.56022072,0.05892801,0.00000000,0.000978,0.000978,0.999999
-3.12839770,-4.31777287,0.00000000,0.000978,0.000978,0.999999
0.69270611,-0.70607090,0.00000000,0.000978,0.000978,0.999999
1.10251689,-2.42659998,0.00000000,0.000978,0.000978,0.999999
2.99837542,-3.69641256,0.00000000,0.000978,0.000978,0.999999
1.45716810,0.77793026,0.00000000,0.000978,0.000978,0.999999
4.34029436,2.19038725,0.00000000,0.000978,0.000978,0.999999
3.86169314,-3.45527196,0.00000000,0.000978,0.000978,0.999999
2.32613373,-0.09172916,0.00000000,0.000978,0.000978,0.999999
4.48719883,-3.23590088,0.00000000,0.000978,0.000978,0.999999
-0.96713448,-1.10117245,0.00000000,0.000978,0.000978,0.999999
1.94677877,-0.07969189,0.00000000,0.000978,0.000978,0.999999
4.92182159,-1.38140798,0.00000000,0.000978,0.000978,0.999999
1.51597738,1.10667944,0.00000000,0.000978,0.000978,0.999999
2.23999166,-2.11013699,0.00000000,0.000978,0.000978,0.999999
1.64230335,-4.50723171,0.00000000,0.000978,0.000978,0.999999
3.40135288,1.59416866,0.00000000,0.000978,0.000978,0.999999
-2.59245586,-2.99491167,0.00000000,0.000978,0.000978,0.999999
-1.73878956,-3.37931275,0.00000000,0.000978,0.000978,0.999999
3.99707699,3.15366554,0.00000000,0.000978,0.000978,0.999999
-3.67005324,-3.95137477,0.00000000,0.000978,0.000978,0.999999
3.70351386,-4.41211319,0.00000000,0.000978,0.000978,0.999999
-3.19309497,-3.99100757,0.00000000,0.000978,0.000978,0.999999
-2.37137485,-4.42995548,0.00000000,0.000978,0.000978,0.999999
1.84642410,0.00755596,0.00000000,0.000978,0.000978,0.999999
4.17064762,-2.26379037,0.00000000,0.000978,0.000978,0.999999
3.26886559,2.46927166,0.00000000,0.000978,0.000978,0.999999
-0.08762002,-3.67430568,0.00000000,0.000978,0.000978,0.999999
1.87334919,0.94464970,0.00000000,0.000978,0.000978,0.999999
-1.54522657,-2.00819206,0.00000000,0.000978,0.000978,0.999999
0.26518011,-1.76701689,0.00000000,0.000978,0.000978,0.999999
3.38861752,2.86266041,0.00000000,0.000978,0.000978,0.999999
2.14750576,-4.01684761,0.00000000,0.000978,0.000978,0.999999
1.89632773,-3.47175670,0.00000000,0.000978,0.000978,0.999999
1.73635936,-2.94563365,0.00000000,0.000978,0.000978,0.999999
4.44607306,-0.94505501,0.00000000,0.000978,0.000978,0.999999
1.15761900,0.57389927,0.00000000,0.000978,0.000978,0.999999
2.11224890,0.77286625,0.00000000,0.000978,0.000978,0.999999
3.40866756,-3.11550045,0.00000000,0.000978,0.000978,0.999999
4.57802868,1.99404907,0.00000000,0.000978,0.000978,0.999999
-1.93193007,-3.54320359,0.00000000,0.000978,0.000978,0.999999
3.16825390,2.98260927,0.00000000,0.000978,0.000978,0.999999
-0.41934168,-4.59001398,0.00000000,0.000978,0.000978,0.999999
3.71368980,3.71056366,0.00000000,0.000978,0.000978,0.999999
0.42517424,-0.26250601,0.00000000,0.000978,0.000978,0.999999
3.44782972,-1.05399418,0.00000000,0.000978,0.000978,0.999999
3.45785952,-1.17358255,0.00000000,0.000978,0.000978,0.999999
3.87164974,-0.89565325,0.00000000,0.000978,0.000978,0.999999
1.69924831,0.55586576,0.00000000,0.000978,0.000978,0.999999
0.45362663,0.10475922,0.00000000,0.000978,0.000978,0.999999
-0.75090790,-1.64645433,0.00000000,0.000978,0.000978,0.999999
0.59775162,0.55983067,0.00000000,0.000978,0.000978,0.999999
4.01598549,0.00637102,0.00000000,0.000978,0.000978,0.999999
2.72083139,2.49444771,0.00000000,0.000978,0.000978,0.999999
-0.95740604,-2.79587126,0.00000000,0.000978,0.000978,0.999999
0.14587617,-3.28561664,0.00000000,0.000978,0.000978,0.999999
1.57202291,-0.30867147,0.00000000,0.000978,0.000978,0.999999
2.18056154,-4.50652552,0.00000000,0.000978,0.000978,0.999999
-0.07209498,-4.08292818,0.00000000,0.000978,0.000978,0.999999
0.01657248,-1.68331289,0.00000000,0.000978,0.000978,0.999999
2.85228491,-4.04297686,0.00000000,0.000978,0.000978,0.999999
0.82030416,-3.75979638,0.00000000,0.000978,0.000978,0.999999
3.94711566,-4.82629633,0.00000000,0.000978,0.000978,0.999999
-3.61906815,-3.68268490,0.00000000,0.000978,0.000978,0.999999
-1.64007688,-4.16816425,0.00000000,0.000978,0.000978,0.999999
3.50873113,-2.42741847,0.00000000,0.000978,0.000978,0.999999
4.65452862,-2.24905872,0.00000000,0.000978,0.000978,0.999999
-0.78251863,-2.83258510,0.00000000,0.000978,0.000978,0.999999
